NN RHC lr=0.001 decay=.9

        1 layer, 4 hidden nodes  
        clip max  = 50 
        activation = relu 
        max iters = 1000
        learning rate = 0.001
    
train accuracy: 0.42593352482560526, 0.44029544521953223, 0.42976337026398576, 0.448228696484749, 0.4664204623170565, 0.5762549582820408, 0.4356449186157844, 0.4389276432772535, 0.4606756941594857, 0.5711940910956094
train acc mean: 0.4693338804541103
train acc std: 0.05356177056129767
test accuracy: 0.43296432964329645, 0.44772447724477243, 0.44649446494464945, 0.46863468634686345, 0.4784747847478475, 0.6051660516605166, 0.4194341943419434, 0.4489544895448955, 0.4612546125461255, 0.5744157441574416
test acc mean: 0.4783517835178352
test acc std: 0.058348366140759875
loss: 0.8552426412781855, 0.9982586734998666, 0.839141477275844, 0.8850238147922339, 0.9619207960463219, 0.7684231606705638, 0.9258554279892482, 0.7758142946755797, 0.9104149286799192, 0.7114410616419464
fitted weights: 
 [ 0.21850052, 0.80838634,-0.50998057, 0.31305953, 0.96810436,-0.33450033,
 -0.13193554, 0.86858514,-0.90544307, 0.684125  ,-0.58513794, 0.49234871,
  0.14388747, 0.88064435, 0.78098408, 0.82765293, 0.65144644,-0.20626659,
  0.68693508, 0.04796229, 0.70924685, 0.78748265, 0.74356255, 0.64518497,
  0.35942401,-0.7632966 , 0.30729982,-0.2049022 , 0.26421643, 0.50810604,
 -0.59733752, 0.43002234,-0.14460295,-0.17917701,-0.85512386,-0.15690949,
 -0.07626334,-0.87810321,-0.43823694,-0.13534295, 0.3454731 , 0.63471498,
 -0.07528735,-0.05063545, 0.17843514,-0.59816056,-0.83937017,-0.10230494,
 -0.08425855,-0.08775089,-0.55919681, 0.29658225,-0.7405605 ,-0.27884345,
 -0.94384964, 0.51827368, 0.87502465,-0.19223183,-0.98750458,-0.4015177 ,
 -0.44370733,-0.34543906, 0.22050329, 0.04485545,-0.64641891, 0.02876469,
  0.42850965, 0.92540058, 0.17419095,-0.75641052, 0.89805976,-0.0845194 ,
 -0.09228988,-0.29767083, 0.90500905, 0.53727384, 0.28070252, 0.20602664,
 -0.01262164, 0.61862034,-0.74445072,-0.97664884, 0.98523426, 0.12528831,
 -0.53881834, 0.59069824, 0.58208822, 0.52300376,-0.82679408,-0.48611293,
  0.09435935, 0.33911894,-0.50637665, 0.62059476, 0.52986029,-0.15402595,
  0.55570559, 0.61812325, 0.49768553, 0.32672599,-0.43621551,-0.309654  ,
  0.19916867, 0.84350833, 0.61968724,-0.20449108,-0.7165187 ,-0.56272052,
  0.00465131, 0.28775716,-0.57286103,-0.72387741,-0.88423538, 0.88584604,
  0.17495481, 0.44800746,-0.77591665, 0.28182386, 0.05365467, 0.32919987,
 -0.56508595, 0.82204083,-0.80909892,-0.76735175,-0.74678171, 0.20442797,
 -0.25740248,-0.27317271,-0.99921148,-0.05573125, 0.57855021,-0.4736292 ,
 -0.37725995,-0.92070637, 0.92656388, 0.74474152, 0.23048416, 0.43704038,
  0.45443495,-0.15898593, 0.97211059, 0.08739746, 0.7373381 ,-0.89753788,
 -0.92141999,-0.90330283,-0.29469948,-0.14213876,-0.22424324, 0.87300576,
  0.4653298 , 0.76299826, 0.20463942, 0.5626354 , 0.70951437,-0.21252181,
 -0.96801439, 0.81644501, 0.68479673, 0.04299491,-0.66842584,-0.78285379,
  0.94069148, 0.56282459, 0.77804674, 0.24700307,-0.13024975, 0.78239564,
 -0.81536527,-0.89518881,-0.62083193, 0.60804584,-0.21589419,-0.23248482,
 -0.94261978, 0.72355386,-0.36152897,-0.69784293,-0.35177324, 0.48232645,
  0.03327656, 0.66699415,-0.70172459, 0.09587413, 0.00945219, 0.58814668,
 -0.03451154,-0.90539728, 0.21417985,-0.47197898, 0.24281263,-0.59219791,
  0.85181624, 0.91712763, 0.55068736,-0.48071427]
[-0.02590593, 0.42756207, 0.10899047, 0.12390959,-0.77421909, 0.26257818,
 -0.77364532, 0.18666887,-0.37598486,-0.70338374, 0.08431359,-0.77836697,
 -0.22150204, 0.28567902, 0.11739452,-0.53149349,-0.7513782 ,-0.51351815,
 -0.91314404, 0.09497066, 0.44463167, 0.48627597,-0.47004493, 0.9814282 ,
 -0.80617675, 0.19383659, 0.98616157,-0.92348224,-0.00809549,-0.50860099,
  0.54833674,-0.21664256, 0.15819609, 0.81928195,-0.69314867, 0.50830651,
  0.77997019,-0.22347293, 0.3755436 , 0.58794242,-0.77086437, 0.15791568,
  0.7635482 ,-0.54174913, 0.96600754,-0.70914567, 0.88054545,-0.36864985,
  0.57371061,-0.03726062, 0.94192238, 0.08497254, 0.16417725,-0.50629063,
 -0.95953952, 0.54372298,-0.7126967 , 0.51265088, 0.17732109,-0.60763437,
  0.52183427,-0.89957972, 0.37639866,-0.89319781,-0.76092468, 0.34762213,
 -0.79072914,-0.78737538, 0.2226497 , 0.0976583 ,-0.73154502, 0.56524227,
 -0.5758873 , 0.88554091,-0.37582525,-0.75549601,-0.46401071, 0.08422793,
 -0.66607318,-0.5019987 , 0.16459272,-0.63699424,-0.1041647 ,-0.60637036,
 -0.5420283 , 0.62053559, 0.84641751, 0.25390618,-0.48534269,-0.87920871,
 -0.23185745,-0.85817231,-0.89427861, 0.59312738,-0.20389957,-0.8233509 ,
 -0.59733632, 0.71444933,-0.5186926 , 0.26034721, 0.30209059, 0.21560171,
  0.17687302, 0.86637759,-0.82595126, 0.10545042,-0.70179109, 0.05669563,
  0.78840626,-0.0295764 ,-0.54636452, 0.02296197, 0.95001354,-0.03944795,
  0.30561761, 0.38276463, 0.19688122,-0.3235028 , 0.27450537, 0.06350797,
 -0.37761813,-0.62494242, 0.11801953, 0.28271682, 0.75270938,-0.41377364,
 -0.31949984, 0.88337974, 0.37780724,-0.83317302, 0.74019179,-0.79646744,
  0.60142359,-0.39936442,-0.42597091, 0.7936558 , 0.56090428,-0.84405799,
  0.55941521, 0.61610606, 0.92295317,-0.70943412, 0.3272851 ,-0.18130214,
 -0.73568749,-0.58737569,-0.19069433,-0.3676503 , 0.70480024,-0.81747613,
  0.2616011 ,-0.71197437,-0.59372402,-0.31121516, 0.43934225, 0.89875615,
  0.31836769, 0.37233698,-0.19646974,-0.7333938 ,-0.27763151, 0.30196151,
  0.03218444, 0.7674967 , 0.36037364, 0.5240132 , 0.46782822,-0.22323909,
 -0.7550943 ,-0.89498419, 0.36890064,-0.6285318 , 0.61315038, 0.68889231,
 -0.4060763 ,-0.61036677,-0.01916877,-0.21553533, 0.39479183,-0.78695523,
  0.44633773, 0.74358577, 0.89013005, 0.82310206, 0.58956244,-0.60521424,
 -0.420793  , 0.67783538,-0.9518129 , 0.8202076 ,-0.86322445, 0.87262028,
  0.94389559,-0.8492576 ,-0.05461326, 0.17605795]
[-2.21639737e-01, 5.92940900e-01,-8.41405428e-01,-2.39264438e-01,
  4.59887714e-02, 4.17954808e-02,-6.54850682e-01,-2.98424388e-01,
 -5.73828193e-01,-3.77577462e-01, 8.02122761e-01, 5.00145834e-01,
  6.26565479e-01, 9.35186639e-01,-1.54698631e-01, 7.79341955e-01,
  6.94255591e-01, 1.28851061e-01,-1.40557309e-01, 9.61317397e-01,
 -1.25531046e-01,-9.79258450e-01,-5.01055986e-01, 2.72275128e-02,
 -1.66605281e-01,-8.18365331e-01,-7.86634451e-01, 8.10067554e-01,
  8.35578921e-01, 3.91756064e-01, 9.84982940e-01,-2.33624450e-01,
 -1.11739549e-01, 4.00306410e-01, 3.25079996e-01, 2.10024932e-01,
  3.55743907e-03,-2.38181484e-01, 1.08171779e-01,-7.33370871e-01,
  4.40060120e-02,-9.24602243e-02, 2.31199964e-01, 2.24197642e-01,
  6.79401588e-02,-8.77727349e-01,-8.93166842e-01,-2.57955814e-01,
 -9.89278458e-02,-3.30356024e-01, 9.47443086e-01,-6.46568555e-01,
  5.73319648e-01,-7.94707446e-01,-9.48276539e-01, 4.60124689e-01,
  5.00713902e-01,-7.16409411e-01, 3.91647390e-01, 6.61015086e-01,
  9.06722138e-02, 3.53322166e-02,-7.24586511e-01, 1.42317518e-01,
  3.74360300e-01,-3.14097328e-01, 8.07492356e-01,-2.50932523e-01,
  6.50441117e-01, 9.30229439e-01,-1.93873039e-01,-1.71925407e-01,
  9.97759541e-01,-8.29922044e-01, 6.79568541e-01, 8.43458429e-01,
 -8.58813054e-01,-1.26453789e-01, 1.11052719e-02,-5.50738254e-01,
  3.63504945e-01,-4.94541709e-01,-5.41532261e-01,-5.47243896e-01,
 -2.75158537e-02,-2.75330420e-01,-5.17843864e-01,-1.68878705e-01,
  7.51115029e-01, 5.33309104e-01, 4.14231889e-01,-6.39364806e-01,
  4.95914992e-01, 2.51849614e-01, 6.41834828e-01,-5.77311642e-02,
  4.46994667e-01,-6.08354634e-01, 2.82774512e-01,-8.72405082e-01,
 -2.61084365e-01,-4.59084620e-01,-6.99462176e-01, 1.47732768e-01,
  3.36677407e-01, 7.75513029e-04,-3.95258001e-01, 7.64819021e-01,
  3.97555466e-01,-9.53343636e-01, 7.91810358e-01,-1.50617563e-01,
  7.56212354e-01, 7.25035208e-01, 2.19442175e-01,-6.16727763e-01,
 -4.21271937e-01,-9.46600900e-01,-6.94353442e-02,-4.15724331e-01,
  7.19657829e-01,-2.40455111e-01, 1.86222548e-01, 7.69385355e-01,
 -9.53405773e-01,-1.47954844e-02, 1.73106060e-01, 9.85582840e-01,
  4.85692786e-01,-6.11577493e-01,-6.15645083e-01, 3.61526950e-01,
  9.41424825e-01, 7.46420286e-01,-4.31566552e-02,-1.89154655e-01,
 -4.98069439e-01,-6.48327457e-01,-3.51390127e-01, 9.42166544e-01,
 -5.28378550e-01, 6.72198632e-01,-3.67050146e-01, 5.24617023e-01,
 -6.87018928e-01,-6.81851386e-02, 3.90551513e-01,-5.71843000e-02,
  3.30700536e-01, 3.69462614e-01, 7.15769868e-01, 4.20808401e-01,
  3.24328675e-01, 3.87939221e-01, 4.73238002e-01,-2.41070294e-01,
 -9.49058498e-01,-4.81880368e-01,-4.18019395e-01,-6.57155137e-02,
  3.68159294e-01,-4.17364900e-01,-2.13533505e-01, 9.31904319e-01,
 -4.64588022e-01, 2.61813809e-01, 9.75795245e-01, 6.94997954e-01,
 -8.81946162e-01,-7.56967290e-01,-9.38643721e-01, 9.04582557e-01,
  3.21260612e-02,-3.63164969e-01,-4.67237856e-01, 3.49237600e-01,
  2.08261059e-01,-6.83684129e-01, 7.46410952e-01,-3.42394895e-01,
  4.00873867e-01,-5.34902793e-01,-5.23765976e-01,-4.66949787e-01,
  2.69810283e-01,-2.21644681e-01,-6.37411726e-01, 1.68143911e-01,
  6.20888911e-01, 7.15519667e-01,-7.33987211e-01,-5.36596412e-01,
  1.71640515e-01, 5.38906971e-02, 3.30140050e-01,-8.55363411e-01]
[ 0.27271733, 0.69279952, 0.51281045,-0.87218466, 0.05695593,-0.18850651,
  0.41103319,-0.23476829, 0.31976483, 0.66245463,-0.46109881,-0.6813971 ,
 -0.93433227,-0.10996154, 0.16923296, 0.30731268, 0.94745919,-0.46675447,
 -0.19496012, 0.47313376,-0.83311185,-0.21204154, 0.51767582, 0.41577545,
  0.98047773, 0.81230739,-0.89587583, 0.49125133,-0.69297758, 0.12544201,
  0.79759114, 0.99151147,-0.37904314, 0.50747821, 0.18330108,-0.82065195,
  0.39848458, 0.75448276, 0.35005146, 0.37998499,-0.89354247, 0.22479577,
  0.58038635,-0.67040042,-0.90127848, 0.95009616, 0.29062515, 0.41548688,
  0.69006156,-0.07645785,-0.56858891, 0.8408039 , 0.16329686, 0.80052553,
 -0.38123073, 0.11116702,-0.84134397,-0.19384339,-0.60592527, 0.62873084,
  0.22560572,-0.43889953,-0.72394498,-0.5146407 , 0.52411373, 0.14639873,
  0.96272418, 0.54725777,-0.77091976,-0.11699655, 0.00658916, 0.93653827,
 -0.05931997, 0.198541  ,-0.60841372, 0.95419526,-0.89045026,-0.11499915,
 -0.5537463 ,-0.29543526,-0.61033959, 0.84144755, 0.5576134 , 0.16496312,
  0.00555237,-0.27025889,-0.83804469, 0.83674575,-0.42235957,-0.02850312,
 -0.37680282, 0.54863505, 0.71909093, 0.04279485,-0.84163433,-0.94011937,
 -0.63746264, 0.67118761,-0.06346267,-0.1330673 ,-0.17662698, 0.28747434,
 -0.7469646 ,-0.79682151, 0.44765262,-0.33941042, 0.93618615,-0.97473299,
 -0.36422727, 0.0665941 , 0.90656343, 0.66787675,-0.00979637, 0.25078997,
  0.04161256,-0.82753259,-0.60788349,-0.41364592,-0.34368339, 0.15636293,
 -0.24789616,-0.93390287,-0.45301171,-0.28916073, 0.09735318, 0.64684164,
  0.39690622,-0.82989332, 0.40306066,-0.56863716, 0.56938761, 0.7977953 ,
  0.67513911, 0.00930325,-0.76109431, 0.73712564,-0.45454652, 0.82366024,
 -0.37182119, 0.51701977, 0.71753425, 0.08086323, 0.31100106, 0.41604958,
  0.10402637, 0.64917637,-0.18776593,-0.17119494,-0.58638172,-0.52722855,
  0.28940909,-0.32672939, 0.80519891,-0.16484312, 0.19843949,-0.33848356,
 -0.3041358 ,-0.47502818, 0.00167274,-0.96594313, 0.36149428,-0.41945942,
  0.8941501 ,-0.16086779,-0.39392617, 0.37252528,-0.79723496, 0.54890165,
  0.99189255,-0.92234839, 0.91494312, 0.7673588 ,-0.20082378,-0.90089387,
 -0.70821145,-0.37182042,-0.873979  , 0.26764108,-0.30524545, 0.2272644 ,
 -0.37508176,-0.45700696,-0.49218876,-0.03830225, 0.70803373,-0.55620971,
  0.86325856, 0.97860482, 0.51264681, 0.37558025, 0.15058396, 0.21076586,
 -0.5800727 , 0.65291669,-0.91942499,-0.46641607]
[-6.34912310e-01,-5.84286625e-01,-2.60122118e-01, 2.01101635e-01,
 -4.27936677e-01, 9.01141286e-01,-6.17524733e-02, 8.84432192e-01,
  3.45877123e-01,-9.62164356e-01, 8.91634163e-01,-5.71117355e-01,
 -1.91745188e-01,-6.32729709e-01,-5.30129258e-01,-8.77525876e-01,
  4.15372383e-01,-7.91936660e-02,-2.50678923e-01, 5.92020980e-02,
 -5.02578762e-01, 6.55831215e-01, 4.20025582e-01, 5.28058321e-01,
 -3.23118660e-01,-5.58933419e-01,-8.25672786e-02, 9.42650502e-01,
  4.02590047e-01,-7.78619644e-01,-3.26255715e-02,-9.61812763e-01,
  6.53362123e-01,-9.68252146e-01,-7.61109460e-01, 3.97366251e-01,
 -3.13164829e-02,-7.92926074e-01, 4.20472684e-01, 5.43460128e-01,
 -4.87243492e-01,-4.44049005e-02,-9.29422413e-01, 7.07994732e-01,
  9.85534068e-01, 5.34739445e-01, 3.02017647e-02, 2.40770741e-01,
 -1.33761637e-01, 7.88294946e-01, 9.61852580e-01,-9.32491167e-01,
  7.02285240e-01,-3.32469690e-01, 8.66446172e-01,-3.88935909e-01,
 -7.92797666e-01, 6.37561822e-02,-9.65900748e-01, 2.69371744e-01,
 -1.23135428e-02, 2.50047630e-01,-6.22750620e-01, 6.10816927e-02,
  2.46063217e-01, 8.59874880e-01,-5.91770245e-01,-4.96235883e-01,
  8.13997260e-01, 9.75687366e-01, 4.21563537e-01, 1.08825210e-01,
 -8.67030045e-01,-7.61090000e-01,-4.74479374e-01,-1.00400724e-01,
 -6.45805534e-01,-9.70453179e-01, 1.10730182e-01,-2.54897635e-01,
 -5.64305996e-01, 6.02946845e-01,-9.04390451e-01, 1.74112578e-01,
  7.32758416e-01, 6.39645951e-01, 4.81115532e-01,-9.24645623e-01,
  5.04708138e-01,-1.04891008e-01, 9.11659539e-01,-3.89540704e-02,
 -7.85719682e-01, 5.32090502e-01, 4.95002354e-01, 7.61560571e-01,
 -7.80896395e-01,-3.45054926e-01,-4.69238953e-01,-7.14940321e-01,
  3.82811682e-01,-4.33478608e-01,-6.22364051e-01, 8.55123083e-01,
 -4.06007033e-01,-4.12038878e-01, 3.36275997e-01,-4.33514878e-01,
 -5.86830595e-01, 6.41612459e-01, 5.82321525e-02, 7.42436463e-01,
  6.92208484e-01,-7.04290760e-01,-1.03842016e-02,-1.83459579e-01,
  2.29481651e-01, 4.66625570e-01,-5.29122554e-01, 7.41072583e-01,
 -8.41804829e-01,-2.64015966e-01, 1.75752309e-01, 6.24190624e-01,
 -2.50587983e-01, 7.76739548e-01, 3.44989009e-01,-4.38306954e-01,
 -9.82380338e-01, 2.06866020e-01, 8.39483346e-01, 5.55239190e-04,
  9.81926050e-01,-9.00932623e-01, 6.28188344e-01,-3.05226132e-01,
  7.14620788e-01,-8.48269137e-01, 5.00196178e-01,-5.49455195e-01,
 -9.36566684e-01,-8.91692260e-01, 7.95171644e-02,-5.01390761e-01,
 -5.08572701e-01,-1.31550089e-01,-3.90649902e-01,-6.57328809e-01,
  1.61980700e-01,-9.45088654e-01, 3.84801882e-01,-2.36406777e-01,
 -7.71354898e-01, 8.79350252e-01, 2.91554672e-01, 9.50246859e-01,
 -9.24690286e-01,-5.39588208e-01, 1.13229939e-01, 3.71532229e-02,
  6.85504875e-01,-6.68688943e-02, 1.20892011e-01,-4.83366857e-01,
  5.72974298e-02, 3.88725611e-01,-4.21208758e-02, 6.48290068e-01,
 -6.16179181e-01, 5.46058369e-01, 5.03378049e-01, 9.16018851e-01,
  4.35452109e-01, 8.56273581e-01,-3.93258126e-01,-1.19705893e-01,
 -9.48294834e-01,-8.01451449e-01, 5.63715444e-01, 2.94640361e-01,
  1.65430528e-01,-5.92643680e-01,-6.94569412e-01, 9.07835916e-02,
  5.01352661e-01, 8.49676765e-01, 6.93229108e-01,-4.84747066e-01,
  9.61312984e-01,-5.81382767e-01, 7.57102213e-01, 3.84331353e-01,
 -6.24963690e-01, 9.61676904e-01, 7.46775366e-01, 4.02864999e-01]
[-0.20034616, 0.21938907, 0.73143867,-0.36977374,-0.8279896 , 0.43329429,
  0.17278409, 0.40231053,-0.57493944, 0.69716703, 0.94076381,-0.29021421,
 -0.37314006, 0.86736346, 0.21369714,-0.96006405,-0.60087544,-0.42639777,
 -0.67158832, 0.94079886, 0.46586151, 0.19554243,-0.26758512,-0.85707167,
 -0.15649453, 0.83973792,-0.02060591,-0.98370829, 0.25336294,-0.87405939,
  0.06996762, 0.53008418, 0.52751143, 0.16464936, 0.99209261, 0.14689826,
  0.64953151, 0.27402637,-0.80555448, 0.06788728, 0.63241023,-0.03337908,
 -0.9996934 , 0.31734951, 0.55173211, 0.45808663,-0.0320339 , 0.27062588,
  0.9835436 ,-0.46132981,-0.35074307, 0.49931739,-0.44566147, 0.61760348,
  0.35079507,-0.63049595,-0.66080804,-0.18907488,-0.22691673, 0.29273898,
 -0.13604284,-0.07166112, 0.897347  , 0.91635815,-0.83171697, 0.28512669,
  0.13224494,-0.07410444, 0.46204897, 0.58282233,-0.98388712,-0.78408867,
 -0.14087566,-0.04877443,-0.36716496, 0.08448406,-0.53429705, 0.19655926,
  0.05612019,-0.35252681, 0.69898126, 0.97492496,-0.03242408, 0.77457314,
  0.60695023, 0.76874238, 0.57422417,-0.52705845,-0.55635937,-0.42160219,
 -0.53688916, 0.34691103,-0.52623887,-0.21410603,-0.91943312,-0.63779351,
 -0.49124855, 0.33111046, 0.1356378 , 0.34545895,-0.15247716, 0.29160931,
  0.57203987,-0.70760436,-0.60229344, 0.75887367,-0.58825188, 0.63778355,
 -0.36710954,-0.3370214 ,-0.36830538,-0.28537876,-0.10540468,-0.69800273,
 -0.34907951, 0.38219188, 0.38350436, 0.32676799,-0.28086471,-0.98100553,
 -0.93508461,-0.32383118, 0.95423116, 0.50258426,-0.52665301, 0.02363086,
 -0.14388087, 0.2868484 , 0.9797757 ,-0.59027997, 0.60340905,-0.37792848,
  0.03575847,-0.72864452, 0.86107309, 0.0756516 , 0.30247615, 0.77158475,
  0.4404715 , 0.28301217, 0.9618218 ,-0.88485657,-0.07863466,-0.6946192 ,
  0.66607186,-0.90232558, 0.78697885,-0.07164049, 0.39659036,-0.2047922 ,
  0.11872146, 0.52982306, 0.44542672,-0.62316751,-0.48037057,-0.61017907,
  0.28422747, 0.09061207, 0.77440171, 0.65473249, 0.79751765, 0.27551163,
  0.06664486, 0.34852962,-0.28471545, 0.55184475, 0.92080817,-0.90942025,
  0.9518768 , 0.92447878, 0.4823434 , 0.20937639, 0.50880153, 0.10767603,
  0.73836471, 0.41833093,-0.77162468,-0.42108464,-0.54573372, 0.74776993,
 -0.20046802, 0.07296419, 0.94749181,-0.41425681, 0.3562278 ,-0.35373733,
 -0.61999791,-0.66948413, 1.00149551, 0.24367042,-0.95613864, 0.75351875,
  0.40341788,-0.87052049,-0.09943858, 0.26287135]
[-0.97496843,-0.76095936, 0.28678548,-0.19093328, 0.17299078, 0.49275371,
  0.43828508, 0.67703305,-0.35070207,-0.75478874,-0.39015999,-0.81673471,
  0.60796791, 0.13381264, 0.99345152,-0.3895415 ,-0.71855336,-0.82922883,
  0.52363471, 0.47900789,-0.22915465, 0.04179793,-0.42058405, 0.04054702,
 -0.41094283,-0.55340565,-0.70900032,-0.72205516, 0.93497809,-0.89542672,
 -0.3873832 ,-0.07724479,-0.42425651,-0.79189117,-0.37943308, 0.73448153,
  0.97830575, 0.52094751, 0.35756398,-0.97947203,-0.49645584, 0.05540008,
  0.12241185, 0.70762636,-0.76030309, 0.05788921,-0.37559659, 0.09646996,
  0.81685379,-0.46803583, 0.83051298, 0.51269294, 0.57611349, 0.21768469,
 -0.79565253, 0.12695414,-0.90887043, 0.51813607, 0.4189538 ,-0.51355453,
 -0.87136459,-0.44273294,-0.35678321,-0.94214553,-0.59929068,-0.68345979,
  0.96135226,-0.26155103, 0.58641168, 0.46612979, 0.62936674,-0.26502168,
 -0.00143614,-0.0652457 ,-0.14131693, 0.57178524, 0.00721249,-0.39659793,
 -0.19593259,-0.88737604,-0.33082634, 0.51016849,-0.85073875,-0.39369969,
 -0.38132384, 0.49764733,-0.41709015, 0.02857804,-0.19205303, 0.70031423,
  0.77887102, 0.63129809, 0.58519504,-0.47495927, 0.61556752,-0.15592375,
 -0.47455824, 0.84179595,-0.91327331,-0.97259716,-0.5141583 ,-0.18909956,
  1.00038026, 0.25023804, 0.06347841, 0.47938334,-0.9901262 ,-0.58448814,
  0.7031855 , 0.79887156,-0.39761688, 0.17727204, 0.17521524, 0.57348765,
 -0.10159426,-0.13790112,-0.9735121 ,-0.879788  ,-0.84169633,-0.89164817,
 -0.57779222, 0.25978456,-0.44846151, 0.58440175,-0.35540377,-0.06045774,
 -0.46162941,-0.43659176, 0.3279874 , 0.7972612 ,-0.33157856,-0.65564616,
 -0.3073387 , 0.59378309, 0.23788266, 0.14470978,-1.00061246, 0.7366097 ,
  0.26610249,-0.50059795,-0.38422597, 0.32695029,-0.07191125,-0.18043942,
  0.24929406, 0.76568711, 0.08943136, 0.40366943,-0.08804541, 0.11915008,
 -0.96305434, 0.75258452, 0.85450914,-0.53094842,-0.03220396, 0.19441606,
 -0.20433718, 0.40202618, 0.3733864 , 0.32354965, 0.03245763, 0.46657416,
  0.84674505, 0.40484559, 0.18512573,-0.2973794 ,-0.022655  ,-0.43755637,
  0.69197433,-0.61615328,-0.58615931,-0.00988329,-0.76807738,-0.46606838,
 -0.96187766,-0.1549538 ,-0.39094698,-0.10445043, 0.10968638,-0.26785489,
 -0.63831306, 0.20258185, 0.40026584,-0.07412743, 0.58749898, 0.05836394,
 -0.12204648,-0.2459143 ,-0.11731159, 0.49780524, 0.89460191, 0.28303684,
  0.98983396, 0.1291546 , 0.39844048, 0.86585155]
[ 0.06251153,-0.91984358, 0.46572317, 0.2103793 , 0.53754684, 0.17613831,
  0.44806487, 0.07092496, 0.88150031, 0.42747751, 0.46824445, 0.30616962,
  0.28801845, 0.61845547,-0.71911529,-0.42932253,-0.44446155,-0.98213747,
 -0.0887635 , 0.36586765,-0.21606694, 0.08437526, 0.55814867,-0.71790026,
 -0.83202069, 0.95040922,-0.12618874, 0.17613335,-0.48042883,-0.76885175,
 -0.07596282, 0.94409568, 0.71137873,-0.94690464, 0.40268225, 0.19874885,
  0.84499303, 0.17420076, 0.85344493, 0.1004627 , 0.40355943, 0.129795  ,
 -0.61139997,-0.13516064,-0.49648032,-0.30537261, 0.26049334,-0.15463302,
  0.35173652,-0.56955604,-0.99443487, 0.80666404,-0.20201233,-0.04153703,
  0.08637579,-0.53274016, 0.69424477,-0.82301562, 0.6455288 , 0.82923992,
 -0.52340896, 0.14956407,-0.89908371, 0.06190015, 0.86103313, 0.90759933,
 -0.85166456,-0.82001453,-0.88358449, 0.51544219,-0.16096798,-0.99129411,
  0.48724748, 0.1954455 , 0.4906289 , 0.98126516, 0.15474101, 0.02111056,
  0.09497873,-0.27516793,-0.46014883,-0.95616879,-0.13300242, 0.66898344,
 -0.19584256,-0.15760981,-0.62643869, 0.68199769,-0.55200608, 0.44118186,
 -0.12026705,-0.59518454, 0.58030034,-0.6007078 , 0.13865682,-0.14850567,
 -0.49595502, 0.50348797, 0.26573475, 0.75011803,-0.33538086,-0.00416971,
 -0.61384763, 0.70359943,-0.72698232, 0.14343214,-0.85299228,-0.89460815,
 -0.80504473,-0.13489215, 0.53659275,-0.70476491, 0.72725497, 0.62295035,
  0.34475577,-0.6225438 ,-0.3847993 , 0.08862809, 0.69510614,-0.41631395,
 -0.5492604 ,-0.86900543,-0.48837882,-0.0595008 ,-0.62906325, 0.97416529,
 -0.81859149, 0.20609731,-0.31372571,-0.22952713,-0.16995715, 0.35376891,
  0.95786453, 0.42964434,-0.47070006, 0.15449363, 0.81586822,-0.36237688,
 -0.17451632, 0.11157319, 0.96588065, 0.47290034,-0.49029134,-0.49850791,
 -0.51022989, 0.57309558,-0.04101111,-0.98560095,-0.64232396,-0.35503841,
  0.22147848,-0.21549271,-0.63712356,-0.63935442,-0.57363638,-0.58381028,
  0.86893516,-0.01850629,-0.18885897,-0.46070975,-0.44995741, 0.78330646,
 -0.78236027, 0.39497305, 0.74948605,-0.11950102, 0.84564018,-0.98009128,
  0.91133835, 0.11878364, 0.24590413,-0.59235611,-0.66566555, 0.36933802,
 -0.47200827,-0.83031823,-0.5726375 ,-0.51545734,-0.46608673, 0.94595333,
  0.46602691, 0.57332017,-0.83250359,-0.59426785,-0.87912574,-0.19749044,
 -0.24914449, 0.05528189,-0.82932677,-0.8808381 , 0.5721377 , 0.3229883 ,
 -0.29765798,-0.13768304, 0.45418266,-0.34641318]
[-3.73593258e-01,-4.91746769e-01,-8.31439929e-01,-6.53692744e-01,
 -7.19464490e-02, 6.40691229e-01, 9.72350199e-01,-3.31022441e-01,
 -8.57419905e-01,-5.29495849e-01,-3.14941679e-01,-4.10039402e-01,
  8.52761873e-02, 7.26148029e-01,-3.15705770e-02, 5.71189624e-01,
  1.44330202e-01, 3.92568743e-01,-1.62163403e-01,-8.50889411e-01,
  8.83465862e-01, 1.79571879e-01, 4.56237258e-01, 1.08553274e-01,
  2.27156737e-02, 6.23866671e-01,-8.59876904e-01, 2.88557665e-01,
  8.49918851e-01,-1.49126949e-01, 3.91736207e-01, 6.01816517e-01,
  5.03725065e-02,-2.68980039e-01, 7.40345389e-01, 7.03341813e-01,
 -3.60177800e-01, 2.93348024e-01,-2.27488079e-01,-6.69104054e-01,
  9.87027154e-01, 7.15624648e-01,-7.76358706e-01, 8.49452173e-01,
  1.72020321e-01,-6.40679203e-01, 9.16090285e-01, 6.49760793e-01,
 -6.43658540e-01, 6.53472338e-01,-8.35404429e-01, 1.20990643e-01,
  1.65826953e-01,-7.92178259e-01,-8.47088505e-01, 4.92658109e-01,
  8.84319674e-02, 2.73782993e-01,-2.95310462e-01,-5.90995829e-01,
  7.47284040e-01, 4.05785858e-02,-1.76000979e-01,-8.08536919e-01,
 -6.16849911e-01,-4.52420377e-01, 7.87680667e-01,-1.36161916e-01,
  3.88459024e-01,-7.58792378e-01, 1.00967607e-01, 1.45194472e-02,
 -5.26691020e-01, 9.22763409e-01,-7.00009632e-01,-9.19086722e-01,
  4.70964781e-01, 8.84369071e-01, 3.94159829e-01,-2.62876068e-01,
 -2.24331776e-01,-9.89708258e-01, 4.22380711e-01,-2.20527417e-01,
 -6.12962122e-01,-9.76643750e-02,-5.61545568e-01, 8.27611827e-01,
  5.04310670e-02, 4.93679055e-01,-6.43218368e-01,-2.31947092e-01,
  9.13860990e-01,-6.41590154e-01, 3.26062184e-01,-4.95614742e-01,
 -4.74790178e-02, 9.53233105e-01,-3.82939953e-01,-3.88607576e-01,
 -4.18214110e-01, 3.78780422e-01, 5.12845422e-01, 7.68799896e-01,
 -1.47627364e-01,-1.34173441e-01,-5.32533942e-01,-9.10039128e-01,
 -8.35307338e-01, 6.76793221e-01,-7.50125659e-01, 2.70691415e-01,
  3.24510304e-01, 6.82335562e-01, 2.62474396e-01,-6.13880534e-02,
  5.06069585e-01,-3.10335235e-02,-9.10003378e-01,-2.35550077e-01,
  6.35603936e-01,-7.27370125e-02, 6.68295260e-01, 9.03175337e-02,
 -7.03248963e-01,-7.60763171e-01, 9.35755524e-01, 6.26516927e-01,
  5.46371412e-01,-2.55972636e-01, 7.69607052e-01, 1.13762397e-01,
  8.65685376e-01,-8.68444571e-01,-7.34390584e-01, 4.71677240e-01,
 -3.31138062e-02,-7.87687955e-01, 2.24368449e-01,-8.22564043e-01,
 -9.24837428e-01, 9.45586738e-01, 4.48597879e-01,-1.63771485e-01,
 -1.58993685e-02,-2.53292281e-02, 3.07359092e-01,-4.99691568e-01,
  5.06548649e-01, 9.90482758e-01,-1.82908871e-01, 3.13240879e-01,
 -6.15580323e-01, 9.45385988e-01,-4.22767520e-01, 2.28417628e-01,
  3.53657324e-03, 7.00319613e-01, 4.32653696e-01, 4.02610592e-01,
 -2.03444126e-01,-8.47595971e-01, 4.42206179e-01, 7.74885402e-01,
 -1.98260277e-01,-7.42428256e-01, 9.08406709e-01,-4.56444621e-04,
 -5.91883466e-01, 6.85826820e-01, 6.55902704e-01, 6.36777093e-01,
 -6.03353980e-01,-1.40240117e-03, 2.90876299e-01,-7.82077956e-01,
  3.30125504e-01, 3.61292331e-01,-9.28738909e-01, 4.95131710e-01,
 -7.55343126e-01, 8.30926620e-01,-1.16821674e-01,-3.95660473e-01,
 -7.17218950e-01, 3.68605619e-01, 2.61765357e-01, 8.80060024e-01,
 -3.06728482e-01,-1.51709167e-01, 5.01330388e-01, 5.90889153e-01,
  3.64665990e-01, 6.96814975e-01, 1.14976306e-01,-1.02625416e-01]
[-3.07040326e-01,-6.49028021e-02, 6.70632227e-02, 8.17971343e-01,
  7.57516628e-01,-8.53108254e-01,-7.23423334e-01, 7.48998089e-01,
 -8.12289552e-01, 3.67980687e-01, 8.63437904e-01, 8.06357888e-01,
  6.69543272e-01, 7.90356724e-01, 6.07364258e-01, 5.58486078e-01,
 -9.36995740e-01,-1.16399519e-01,-2.93366382e-01,-7.25211174e-01,
 -4.49536054e-05, 8.67934789e-02,-8.85034619e-01,-9.13036063e-01,
 -7.94449834e-01, 8.35758052e-01,-2.27597830e-01,-3.39409381e-01,
  7.90925953e-01,-3.90804346e-01,-4.55691705e-01,-4.59646886e-01,
 -5.09416931e-01,-2.05879962e-01, 5.72919760e-02, 9.52240893e-01,
 -1.58442369e-02,-8.75687364e-01, 1.01366432e-01,-9.80891334e-01,
  7.83306912e-01,-2.85800484e-01,-7.83876125e-01,-9.20186340e-01,
 -8.79368000e-01, 9.17874668e-01, 1.91537448e-01,-9.61009678e-01,
 -9.15130238e-01,-4.98926992e-01,-4.60185482e-01, 8.28043226e-01,
  5.77291697e-02,-2.97420292e-01, 7.81768103e-02, 7.26296253e-01,
  6.27564282e-02,-2.75552383e-01,-5.11547933e-01, 5.33955793e-01,
  6.38513194e-01,-4.92853611e-01, 2.91360938e-01, 8.77950011e-01,
  7.01841752e-01,-7.28820057e-01,-8.17153316e-01,-3.87512015e-01,
 -5.30983057e-01,-1.34124609e-01,-2.08638660e-01,-9.85178637e-01,
  5.25505209e-01, 5.08173423e-01, 7.33094038e-01,-8.39147908e-01,
  7.74582005e-01, 6.24762823e-01,-1.20564656e-01,-6.63288690e-02,
 -9.25213957e-01, 9.34999762e-01, 4.92538476e-01, 1.37308615e-01,
 -2.25657336e-01, 5.31577461e-01, 4.12337322e-01,-5.85990430e-01,
 -9.95450255e-01,-7.60097718e-01,-5.80306816e-01, 9.41067317e-01,
  9.22678880e-01, 5.49006823e-01, 7.54366150e-01, 2.06963402e-01,
 -6.35738887e-01,-5.59953967e-01, 5.05266454e-01,-2.18987077e-01,
 -8.37524767e-02, 8.94012040e-01,-1.50995054e-01,-9.92434375e-01,
 -5.86028988e-01,-1.13863601e-01,-2.59170241e-01, 7.48084686e-01,
  4.34777709e-01,-9.19665910e-01,-7.99092863e-02,-8.73725006e-01,
  8.82303487e-01,-3.86810620e-01,-8.20211673e-01, 1.20099940e-01,
 -1.86124753e-01,-3.40065607e-01,-1.65589135e-01,-8.56081994e-01,
 -5.97898986e-01,-7.96600057e-01, 9.09886834e-01,-1.29552742e-01,
 -3.48207874e-01, 9.56731403e-01, 2.70632222e-01,-1.97731344e-02,
 -2.22328268e-01,-1.22429321e-02,-5.52282956e-01, 6.79426528e-01,
  4.19478554e-02, 8.19025369e-01,-2.00876139e-01,-4.85071472e-01,
  5.76830689e-02, 3.51205623e-01,-1.93262808e-01, 6.97600917e-01,
  7.39547407e-01,-3.81625733e-02, 1.24048818e-01, 4.13903440e-02,
  3.68188835e-01, 7.89644024e-01,-4.78722212e-01, 6.40814644e-01,
 -9.96638899e-01, 2.77524053e-01,-1.62969392e-01,-2.51878972e-01,
 -3.63383194e-01, 4.88755712e-01, 3.92671483e-01, 5.94050920e-02,
  6.49952109e-01,-5.59936700e-01,-3.07243877e-01,-1.87523891e-01,
 -4.92917867e-02,-9.66003720e-01,-9.64979240e-02, 7.22404441e-01,
 -6.76661846e-01,-5.98172286e-01, 4.01379352e-01, 9.32472872e-01,
  1.82654278e-01, 4.29699483e-01,-9.60023183e-01,-3.33363674e-02,
 -7.96477105e-01, 7.56100149e-01, 1.30545448e-02,-1.66027574e-01,
  5.01672106e-01,-3.08932521e-01,-7.04482266e-01,-9.03292239e-01,
 -3.23285792e-01,-9.47617352e-01, 1.55221052e-01, 3.53027870e-01,
 -9.40041994e-01,-1.20017453e-01, 6.50759177e-01, 9.60029950e-02,
 -9.05655353e-01,-1.76708894e-01,-6.89096912e-01, 6.86135665e-02,
  3.93912426e-01, 5.57966117e-01, 7.42239148e-01, 2.86872378e-01]