NN RHC lr=0.0001 decay=.9

        1 layer, 4 hidden nodes  
        clip max  = 50 
        activation = relu 
        max iters = 1000
        learning rate = 0.0001
    
train accuracy: 0.5137464095199015, 0.5729722336205717, 0.5685952674052798, 0.6073040623717686, 0.41170838462590614, 0.42716454657365616, 0.5628504992477089, 0.5841882095472576, 0.4701135275612091, 0.41061414307208316
train acc mean: 0.5129257283545342
train acc std: 0.07285871518797057
test accuracy: 0.5190651906519065, 0.5338253382533825, 0.5399753997539976, 0.5633456334563346, 0.3948339483394834, 0.48093480934809346, 0.5916359163591636, 0.5535055350553506, 0.4870848708487085, 0.4157441574415744
test acc mean: 0.5079950799507994
test acc std: 0.06035589015419493
loss: 0.9911641580421625, 0.8831144277532798, 0.7205868562781738, 0.9186753310466144, 0.9551656289863473, 0.8106034698336648, 1.0761730958885938, 0.8356037110884937, 0.7444797667339056, 1.0634919395295674
fitted weights: 
 [ 0.97606745,-0.31343185,-0.92945607, 0.89756927, 0.28553513, 0.36693504,
  0.64054662, 0.32744898, 0.36438037, 0.36498059, 0.58823453,-0.90735088,
  0.82821536, 0.44222339, 0.64968566,-0.22148415,-0.97242062,-0.43601808,
  0.1730551 ,-0.83877905, 0.63833245, 0.22558337, 0.81945884, 0.92970781,
  0.18682518, 0.15092256,-0.91782552, 0.57314208, 0.67574137,-0.66588535,
 -0.50009765,-0.11666583,-0.51133328, 0.57884716, 0.81504399,-0.48847583,
  0.59459315,-0.1058482 , 0.89736699, 0.28852953,-0.51380419,-0.11813911,
  0.04407789,-0.76635087, 0.88031935,-0.73711124, 0.9096584 , 0.39671675,
 -0.80699962, 0.21194747, 0.06107995, 0.90730861, 0.35312614,-0.0772984 ,
  0.97168343, 0.34115801, 0.33345984,-0.50431052, 0.86224906, 0.99163612,
 -0.11464306,-0.66130882, 0.41156351,-0.37566674,-0.67661262,-0.1119868 ,
  0.10778547,-0.66124176, 0.82787867,-0.67608475, 0.31490289,-0.56922046,
  0.32089485,-0.70407971,-0.84351507, 0.25820983,-0.48224893, 0.10603147,
  0.72945752, 0.95667492, 0.86500036, 0.10023536, 0.34502956,-0.89819588,
  0.61030821, 0.99406746,-0.57935826,-0.86468501,-0.2734067 , 0.34245651,
  0.85334827, 0.98226728, 0.2423482 ,-0.82038085,-0.03440876,-0.21458984,
  0.34272716,-0.66548784, 0.76665221, 0.09682216,-0.21433233,-0.29855351,
 -0.59816989,-0.29053117,-0.64733412, 0.7387526 , 0.66065268, 0.82676163,
 -0.64838758, 0.02359949,-0.02237209,-0.22118223,-0.59756085,-0.82117173,
  0.53029638, 0.96766435,-0.20399347, 0.86426975,-0.67002739, 0.08567738,
 -0.27143409,-0.67595565, 0.36477524,-0.44051753,-0.04257635,-0.36153441,
  0.28667817, 0.23535447,-0.97559087, 0.88582756, 0.1496282 ,-0.29340147,
  0.09636847,-0.55618791, 0.12564464, 0.37801301, 0.92776061,-0.68762819,
 -0.65827186,-0.06632155,-0.91694634, 0.10836242, 0.25108218, 0.77585112,
  0.7757609 ,-0.36592748, 0.41575812, 0.77647689, 0.18706988,-0.79969869,
  0.61897811, 0.15711274, 0.48822915,-0.29761596,-0.3129864 , 0.85223288,
 -0.53099919,-0.03141461, 0.26844212, 0.47697852,-0.31760562, 0.66961971,
 -0.45222799, 0.21904135, 0.45642032,-0.34802498,-0.99682147, 0.99254264,
 -0.94027128, 0.50764065, 0.31606907,-0.95603045,-0.02358934,-0.94701881,
  0.44136692,-0.69215873, 0.07361467, 0.02072765,-0.63488094, 0.85363101,
  0.57012115,-0.60603592, 0.24231227,-0.72002858, 0.38584414, 0.95379183,
  0.73866504, 0.3840595 ,-0.10653588,-0.3042833 ,-0.19493334, 0.27286718,
  0.18942882,-0.87098336,-0.95458649, 0.75189061]
[-0.19863318,-0.00963413,-0.31336984,-0.61820287, 0.01125946, 0.50926024,
  0.24650391,-0.94770554, 0.27882842,-0.03866035,-0.79594004,-0.14267239,
  0.99445022, 0.03170548,-0.09539082,-0.65094462, 0.56467375, 0.83379209,
  0.51744916, 0.63363626, 0.99309685,-0.62476502, 0.2399376 ,-0.78909425,
  0.72060587,-0.2219042 ,-0.04781046, 0.11174335, 0.85995366, 0.08510948,
  0.49864946, 0.04549125,-0.65562801,-0.52724371, 0.01395697,-0.90799154,
  0.10327143,-0.29317853, 0.12720106,-0.58152693,-0.01349165,-0.92856142,
  0.2178098 , 0.03838181,-0.49941719,-0.97550595,-0.88875146, 0.61297741,
  0.59843538, 0.95285833, 0.2231089 ,-0.12904107, 0.46331568, 0.14314377,
  0.51715565,-0.39540764, 0.0665074 , 0.10244145,-0.40753112, 0.10141385,
 -0.98010878, 0.50652068,-0.51632622,-0.84673036, 0.11496409, 0.01908877,
 -0.33886041,-0.7559673 ,-0.56677428, 0.36485401,-0.60107385, 0.62770448,
  0.69121437, 0.44340039,-0.7799227 , 0.53118831,-0.69237339, 0.45468045,
  0.26793603,-0.34563862,-0.49324159, 0.03473612, 0.17719561,-0.72782336,
  0.09879467, 0.35712595, 0.1379143 ,-0.12298448, 0.97568183,-0.4046803 ,
  0.57658072,-0.38410021,-0.52970128, 0.40800455,-0.02796202, 0.55322643,
 -0.30912292,-0.82848388, 0.38029645,-0.74047948,-0.30505168,-0.04721871,
  0.22164773, 0.07108934,-0.91618077,-0.61143227,-0.65846761,-0.27229353,
  0.66762408,-0.59246443,-0.65691921,-0.93251679, 0.05020216,-0.17781806,
 -0.3492227 , 0.42907233,-0.2010585 ,-0.44746259, 0.83256997,-0.54925032,
 -0.4268935 , 0.10280404,-0.43737994, 0.5550384 , 0.86432316,-0.61720945,
  0.37076894, 0.51646046,-0.84281997, 0.53712431,-0.89948945,-0.79708256,
  0.87915143,-0.366057  ,-0.99128002, 0.22762143, 0.27950968, 0.40352211,
 -0.82326652, 0.5165054 ,-0.14658104, 0.51427994, 0.95307305, 0.57015068,
  0.7972176 ,-0.16618178,-0.19076535,-0.09310135, 0.69691623,-0.51354954,
  0.03216964, 0.43705567,-0.87135092,-0.45111188,-0.86433939, 0.03696959,
 -0.86080694, 0.44762371,-0.38645451, 0.21358181, 0.89695469, 0.43913787,
  0.1589395 ,-0.87331891,-0.90125014, 0.94917682,-0.59766668, 0.95371735,
 -0.445769  , 0.71622053,-0.04125661, 0.84532051,-0.72504609,-0.75924643,
 -0.41778291,-0.57927556, 0.65920009,-0.12311082, 0.06299043, 0.50535404,
 -0.66414673,-0.04208267,-0.14758451,-0.73067816, 0.62625453, 0.76887037,
 -0.82992008,-0.73151188, 0.57413664,-0.09891502,-0.23477395, 0.03151051,
 -0.64174634,-0.66720844, 0.05395813,-0.81477894]
[-4.82800654e-01,-5.49518699e-01, 5.22753877e-01,-6.48842193e-02,
  6.86115236e-01,-4.38429111e-01,-8.99299558e-01,-3.01425927e-01,
  4.29384569e-01,-8.55712864e-01,-7.72694651e-02, 1.53941856e-01,
  8.16169554e-01, 6.95975375e-01, 1.59511563e-01, 7.87567122e-01,
  3.12120673e-01,-4.46517530e-01,-9.12308516e-01, 3.00410222e-01,
  2.62953340e-01, 9.70909236e-01,-2.51343471e-01,-5.50508617e-02,
 -1.38659239e-01, 1.65721677e-01, 2.92713429e-01,-6.50973509e-01,
 -1.38358253e-01,-1.56946231e-01,-3.10584856e-01, 8.30987643e-01,
 -8.27253356e-01,-1.67173497e-01, 6.37592191e-01, 3.94912093e-01,
 -1.08663009e-01, 1.50819805e-01, 3.89997617e-01, 2.13537601e-01,
  7.02127629e-01,-5.89118682e-01, 3.99225506e-01,-3.55375579e-02,
  1.30921969e-01, 4.92212511e-01,-1.47048860e-01,-9.79972571e-01,
  8.89817047e-01, 8.08607506e-01,-4.69151329e-01,-8.12301929e-01,
  7.85035371e-01, 7.85733481e-01,-7.19349437e-01,-2.25706292e-01,
 -1.16905068e-01, 5.60993777e-01, 4.18205291e-01,-1.22690055e-01,
  3.42685193e-01, 5.80047325e-01, 5.99082871e-01,-7.28493922e-01,
 -3.87717533e-01,-5.05383265e-01, 1.37813325e-01, 4.74192617e-01,
 -2.99287690e-01,-5.38489889e-01, 3.76449924e-01,-1.56367167e-02,
 -2.88036044e-01,-6.50394448e-01, 9.84672345e-02,-8.91928842e-01,
  2.66274008e-01,-6.42352751e-01, 5.69509058e-01,-2.43854603e-01,
 -7.82997766e-01,-3.56700045e-01,-1.77102862e-02, 3.63688391e-01,
  4.88995854e-02, 7.15150404e-01, 7.83912893e-01,-8.08287612e-02,
 -2.94269973e-01,-9.15928847e-02, 8.49741525e-01,-5.09724721e-01,
  3.16668676e-01, 9.61168562e-01,-9.95504565e-01, 8.05098758e-01,
 -8.95880863e-01,-7.70635023e-01,-5.39050366e-03, 3.28440430e-01,
  8.21110558e-01, 5.90506774e-01,-8.82272919e-01,-2.63540946e-02,
  9.11186408e-01,-7.79704011e-01, 9.30102781e-01,-2.89281513e-01,
  9.36481782e-01,-7.20285694e-01, 7.90798143e-01,-3.57775865e-01,
 -7.44037444e-01,-1.73105167e-01, 7.37743453e-01, 6.23821661e-01,
  4.97109986e-01, 5.41066760e-01, 1.07148873e-01, 1.51697845e-02,
 -6.64972732e-01,-7.87737631e-01, 5.72956407e-01, 5.67538064e-04,
  8.82290218e-01,-7.72571830e-01, 1.13175226e-01, 2.42380776e-01,
 -3.34596583e-01,-1.14067521e-01, 3.69108317e-01,-8.78780418e-01,
  2.80150239e-01,-8.01631509e-01, 2.09731216e-01, 7.18815192e-01,
 -5.73974524e-02, 7.15489014e-01, 7.11938662e-02,-1.64291763e-01,
  5.07567194e-01, 2.36105581e-01, 2.72178803e-01,-6.89812873e-01,
 -6.85155512e-01,-5.78616103e-01,-7.80132128e-02,-1.49141130e-01,
 -1.39514184e-01, 6.88843511e-01, 9.23694338e-01,-5.05566419e-01,
 -3.34416187e-01,-4.30402017e-01, 7.50329073e-01,-1.25013631e-01,
  2.67671900e-01,-9.94687570e-02,-2.07836014e-02, 7.62084015e-01,
 -4.04393919e-01,-2.13462848e-01,-3.61670700e-01, 4.37627711e-01,
 -2.67074521e-01,-5.57431631e-01, 5.66595307e-01,-7.60525794e-01,
  9.76515192e-01, 7.32528956e-01, 1.64362225e-01, 8.79867227e-01,
  2.62597809e-01,-6.97837561e-01, 4.52193967e-01,-5.07554527e-01,
  7.19347625e-01, 6.14983867e-01,-6.71432706e-02,-3.96361482e-01,
  5.04113237e-01,-6.44231877e-01, 2.26920651e-01,-8.37091060e-01,
 -7.70703379e-01, 3.58373219e-01,-7.32374259e-01,-5.29662442e-01,
 -6.81781437e-01,-7.26897425e-01,-6.46089621e-01, 4.51880588e-01,
 -2.39402196e-01, 1.39308188e-01,-6.20787535e-01,-7.38563910e-01]
[ 9.42866154e-01,-4.02300729e-01, 4.98691491e-01, 2.70771569e-01,
  5.44685773e-01,-1.84450934e-01,-1.37459555e-01, 4.11736150e-02,
  6.08002249e-01,-4.65368273e-01, 7.27310437e-01, 4.80973373e-01,
 -4.95530211e-01, 4.04732208e-01, 3.19497864e-01, 2.36566179e-01,
  1.48018037e-01,-3.38480208e-01, 4.41855534e-02,-8.60792332e-01,
  8.12949032e-01,-3.19471269e-01,-6.62770275e-01, 9.10558895e-01,
  6.05918048e-01, 3.41299899e-01, 6.71617610e-01, 5.60454464e-01,
  9.64624693e-01,-8.95658789e-01,-2.35469814e-01,-1.72275469e-02,
 -3.14173982e-01,-4.83298502e-03,-3.93945778e-01, 3.12304523e-01,
 -3.18958904e-01, 4.43459000e-01, 3.18019534e-02, 1.38626367e-01,
  9.58035531e-01,-4.19291202e-02,-5.50533537e-02,-7.87959082e-01,
 -6.91098188e-01,-6.75133026e-01,-1.21178596e-01,-1.32236095e-01,
 -6.54177889e-03,-3.31093625e-01,-8.26064456e-01, 9.24908489e-01,
  1.36065550e-01, 1.44581380e-01,-7.29020525e-01, 6.25925589e-01,
 -2.53190256e-01, 4.56195589e-01,-6.98888728e-02, 1.97413704e-01,
 -8.19552621e-01,-8.15835900e-01,-4.17438914e-01,-5.87659155e-01,
  4.35900165e-01,-4.80986514e-01, 9.08876720e-01, 6.51178083e-01,
  5.26811477e-01,-6.96538870e-01,-5.28299918e-01, 6.72692375e-01,
 -2.85426312e-01, 7.84339880e-01, 2.44099257e-01,-2.34185243e-02,
 -2.53909516e-02, 7.03930861e-01,-9.08078615e-01, 4.31984548e-01,
 -9.00274720e-01, 6.37331781e-01, 8.26059139e-01, 5.60015599e-01,
 -8.79290764e-01,-9.36926914e-01,-3.68316705e-01, 6.50902672e-01,
 -6.48715820e-01, 6.79745661e-02, 5.73214949e-01,-7.50138837e-03,
 -6.42505647e-01,-2.85805399e-02, 5.14298995e-01, 9.74871438e-01,
  6.66775191e-01, 5.52543072e-02, 3.13328046e-01,-2.66918949e-01,
 -1.24213488e-01,-4.89486525e-01,-1.69392594e-01,-8.18570992e-01,
 -2.87234015e-02,-4.60521142e-01, 2.35791559e-01, 9.82593604e-01,
  6.57348484e-01, 7.85661727e-01,-6.81051339e-01,-8.09666880e-01,
 -1.77626194e-01, 7.95919719e-01, 2.21272394e-01,-7.89446193e-01,
 -8.63902831e-01,-4.47029876e-01, 5.90863487e-01, 2.15128270e-01,
  9.17587945e-01, 2.06371992e-01, 1.91299459e-01, 6.97144198e-01,
 -8.63803664e-02, 3.48807143e-01,-2.85395908e-01,-9.88927511e-01,
 -8.19143151e-01, 7.07545637e-01,-6.51002766e-01,-5.56317766e-01,
 -2.26775515e-01, 3.67287465e-01,-3.22581632e-01,-6.67017551e-01,
  3.30945232e-01,-4.86368193e-01,-4.19623737e-01,-8.25339600e-01,
  9.82372532e-01, 3.57132960e-01, 8.50977474e-01,-3.76370494e-01,
  3.00947150e-01, 5.74176744e-01,-6.88421980e-01,-5.06706491e-01,
  7.26802351e-01, 5.98292208e-01, 9.69399492e-01,-5.41491089e-01,
  2.56050816e-01,-7.39332934e-01,-8.88701712e-01, 1.03284009e-01,
 -8.60253320e-01,-6.40522389e-01, 3.01775466e-02, 2.52204135e-01,
  9.66018239e-01,-2.01101746e-01, 8.76037622e-01,-6.88902859e-04,
 -8.20985983e-01, 8.38654390e-02, 8.27528869e-01, 6.74750706e-01,
  1.47977970e-01, 9.55892628e-01, 5.93626253e-01,-1.98415911e-01,
  1.47092200e-01,-7.38372527e-01, 2.84854110e-01,-8.78270722e-01,
 -6.29083514e-01, 3.94772402e-01,-6.92023191e-01,-7.98343387e-01,
  8.02373970e-01, 9.55903519e-01,-4.35801637e-01,-1.99678881e-01,
 -2.12630733e-01, 3.17427096e-01,-9.47738089e-01, 4.04589089e-01,
 -9.13803520e-01,-3.37687776e-01, 6.04938699e-01, 4.61697720e-01,
 -3.05394974e-02, 3.59225827e-01, 3.45864315e-01,-5.84811829e-01]
[-9.98391686e-01, 5.86807357e-01,-2.16977651e-01, 6.98403142e-01,
 -6.84763807e-01,-6.84280414e-01, 3.55608183e-01,-7.97981710e-02,
  4.63824985e-01, 6.23366816e-01,-5.43703678e-01, 7.41414684e-01,
  9.66377407e-01, 9.95936222e-01,-7.56174474e-01,-2.93558291e-01,
 -2.81393984e-02,-6.06556454e-01, 6.08416423e-01,-6.76065530e-01,
 -2.47276685e-02,-9.19138152e-01,-2.16059004e-01, 1.12041921e-01,
 -8.57148449e-01, 8.69526695e-02, 9.60815588e-01,-5.03213197e-01,
 -3.45174314e-01, 6.11544308e-01,-2.70075933e-01,-6.29260132e-01,
  3.22189840e-02, 8.15540615e-01,-4.77810395e-01, 1.94879391e-01,
 -1.36069311e-01, 3.67566292e-01,-1.13144744e-01, 2.44936789e-01,
 -5.60215857e-01, 6.84726581e-01,-3.64659637e-01,-7.67843698e-02,
 -7.91903922e-01, 9.57334592e-01, 6.05609015e-01,-2.06673279e-01,
  3.11873109e-01, 3.20061020e-01, 8.19945102e-01, 6.72174252e-01,
 -8.42572169e-01, 9.32850364e-01,-9.72025981e-01,-9.75958440e-01,
 -6.81575397e-01,-3.12127264e-01, 4.38126442e-01, 5.56915498e-01,
 -2.31603724e-01,-7.27611243e-01,-4.00834802e-01, 9.14244524e-01,
  9.52124601e-01,-6.57513804e-01, 7.88359843e-01,-4.93372590e-02,
  5.79565722e-02, 5.73892520e-01,-3.97395692e-01,-5.13190724e-01,
  3.42332786e-01,-9.76407416e-01,-1.39023191e-01, 1.20762419e-01,
 -5.52668270e-01, 6.74437637e-01, 7.65983793e-01, 8.75338253e-01,
  5.48721890e-01,-8.42251727e-01,-4.10732466e-01,-3.44844188e-01,
  5.71375547e-01,-9.90327288e-01, 2.44787055e-01,-1.76191835e-01,
  3.71646159e-01,-2.50385079e-01, 1.89128551e-01, 1.62432756e-01,
 -1.78366761e-01,-8.78058453e-01, 6.53637047e-01,-3.54507412e-01,
 -3.03911083e-02, 4.61739540e-01, 1.71395764e-01,-8.88035815e-01,
  7.82802028e-01, 3.29505884e-01,-3.30447647e-01, 2.49168178e-01,
  1.81833820e-01,-5.42620869e-01, 3.71653887e-01, 3.50803580e-01,
 -7.96578307e-01,-4.63628205e-02,-7.94663870e-01,-1.76039154e-01,
  9.45954153e-01, 2.09117074e-01, 6.58292291e-01,-5.03143374e-01,
 -4.73059497e-02, 1.63103406e-01,-9.29138577e-01,-2.67936798e-01,
 -7.43343590e-01,-3.62390895e-02,-8.11012305e-01, 1.46339322e-01,
 -1.99997653e-01,-3.39810919e-01, 9.72742284e-01,-9.95019299e-01,
  8.57657753e-01,-9.40760014e-02, 3.75534886e-01, 3.87774222e-01,
  3.33522851e-01, 9.52089772e-01, 2.75470678e-01,-3.15932024e-01,
 -4.74598094e-01, 2.76368146e-01,-8.81918679e-01, 7.41796569e-01,
 -9.31927752e-01,-3.44226387e-01, 4.13109327e-01,-3.83143912e-01,
  1.79552712e-01, 1.48445892e-01,-8.30001790e-01, 2.95219597e-01,
  4.93709210e-01, 5.92061414e-01, 9.31347292e-01,-1.43276860e-01,
  6.10262693e-01, 4.80639183e-01,-2.94097260e-01,-4.68271713e-02,
  2.12933095e-01, 8.28147638e-01, 3.40137191e-01, 3.91227467e-01,
  5.32460507e-01,-8.53594489e-01,-9.78112198e-01,-9.93922233e-01,
  7.35227356e-01,-6.82530669e-01, 7.24663664e-01, 4.57742425e-01,
  9.93570033e-01, 9.18179182e-01, 5.48651023e-02, 7.61487386e-04,
  7.89985600e-01, 6.76302684e-01, 9.02976242e-01, 6.67168454e-01,
  4.18251668e-01, 1.53555528e-01,-4.04800509e-01, 5.81410833e-01,
 -4.60062681e-01, 6.40836135e-01, 1.12657016e-01,-6.59548323e-01,
 -9.80929564e-01, 7.91791439e-01, 4.10071637e-01,-3.17792249e-01,
  8.49906265e-01,-8.29582397e-01, 5.80256468e-01, 3.87213755e-01,
 -5.01585053e-01, 4.62412644e-02, 8.64703673e-01,-1.86191357e-01]
[ 5.13761743e-02, 3.56990978e-01, 4.76465015e-01,-6.31714125e-01,
  1.92653463e-01,-2.84278999e-02,-1.99252299e-02,-5.05352141e-01,
  3.89852247e-01, 4.06494088e-02,-7.23589496e-01, 2.97438647e-01,
  1.92511331e-01,-8.87811288e-01,-1.22975612e-01,-1.00498337e-01,
  6.55673077e-01, 9.70519133e-01, 2.61861517e-01, 1.64072442e-01,
  2.39159408e-02, 1.99479080e-01,-6.22180074e-01, 3.06990347e-01,
 -6.14349116e-01,-7.22933806e-01, 5.08031503e-02, 9.78837331e-01,
  5.48696935e-01,-5.53287027e-01,-6.22751436e-01,-5.55756383e-01,
 -2.76765869e-01, 1.66555824e-01, 9.86118724e-01,-2.54257737e-01,
 -8.42497106e-01, 8.18102095e-01, 4.95242223e-01,-4.44723863e-01,
  5.47952291e-01,-7.59396157e-01, 3.36706931e-01, 7.76158682e-01,
  9.67107211e-01,-4.04854871e-01, 1.87438274e-01,-1.44260006e-02,
 -4.50180549e-01, 8.02967334e-01,-3.89276865e-03,-4.56276568e-01,
  3.50659950e-01,-2.99995834e-01, 5.39035456e-01, 2.36306864e-02,
  3.63752852e-01,-1.34594843e-01, 8.36589972e-01,-7.75884462e-01,
  2.16105764e-01,-7.19035089e-03,-5.07882871e-01,-9.51989351e-01,
  7.26674275e-01, 6.61307212e-01,-8.70734358e-01,-3.58615798e-01,
 -9.32747066e-01, 6.13788172e-01, 9.84321048e-01,-8.65776908e-01,
  6.89522189e-01, 5.81386426e-01,-1.10359296e-01,-3.65809295e-01,
 -4.90704649e-01,-4.29725369e-01, 3.84994852e-01,-7.13923342e-01,
 -6.17230523e-02, 2.14405465e-01, 9.97386506e-01,-4.18975588e-01,
 -3.32014537e-01,-9.40978780e-01, 3.47566382e-01,-1.65629434e-01,
 -4.80586662e-01, 6.57550669e-01,-1.35870062e-01, 6.64347488e-01,
  8.54443202e-02,-4.31100464e-01, 1.07558859e-01, 3.63262069e-01,
  6.89941711e-01, 5.74269194e-01, 9.88842069e-01, 2.51519657e-01,
 -6.36729657e-02, 7.07871949e-02,-7.78838104e-01, 3.98501140e-01,
 -7.93052150e-01, 5.25394613e-01, 1.25199504e-01, 4.45591218e-01,
 -6.37413733e-01,-6.30161519e-01,-1.35651841e-02,-1.25482937e-01,
  8.93481910e-01, 1.03004708e-01, 8.34759136e-01,-2.19662935e-01,
 -4.81222494e-01, 5.97702836e-01, 4.82108956e-01, 2.46542518e-01,
  9.04973003e-01,-6.75630633e-02, 8.28510574e-02,-8.43697931e-01,
 -9.87228997e-01,-2.23072411e-01, 4.49979427e-01, 4.68156218e-02,
 -2.08810132e-01,-4.95875254e-01,-9.85722446e-03, 5.56940244e-01,
  1.07514552e-01, 3.96916664e-04,-3.21146686e-01, 3.83405066e-01,
  5.61301572e-01, 7.06258917e-01, 1.02938715e-01,-1.95073037e-01,
  6.83326314e-01, 9.55961084e-01,-2.33243009e-01,-9.84808043e-01,
 -9.15495576e-01,-3.43008572e-01,-3.88909598e-01,-1.95342407e-01,
  4.99441018e-01,-2.82979845e-01, 1.87485126e-01,-6.06553478e-01,
 -3.03473707e-01, 8.26428051e-01, 5.84893693e-01,-1.53044607e-01,
  7.89728865e-01,-4.90527275e-02, 8.31857046e-01,-8.77377384e-01,
  1.38668567e-02,-8.19884583e-01, 6.75039468e-01,-9.97888181e-01,
 -8.24882564e-01,-1.28416793e-01, 2.96724904e-03, 5.67617428e-01,
 -5.58017525e-03, 4.37505725e-01, 7.80443351e-01,-5.05484344e-01,
  4.07784242e-01, 1.02529138e-01,-6.29098107e-01,-7.35720121e-01,
  8.39760728e-01, 9.87095945e-01,-1.62610153e-01,-3.74964052e-02,
  1.96818349e-01,-8.99562062e-01,-7.50942903e-01, 9.59426805e-01,
 -4.39019176e-01,-6.44755937e-01, 4.52363829e-01,-6.87748459e-01,
 -5.39251783e-01,-5.96076791e-01, 3.43650981e-01,-3.72471378e-01,
 -3.60124194e-01, 6.73037296e-01,-2.60073315e-01, 5.06407348e-03]
[ 6.00410962e-02, 9.88830401e-01,-1.18084686e-01,-6.17292942e-01,
 -6.53899793e-01, 8.18458713e-01,-7.46626029e-02, 6.26674810e-01,
 -3.95844054e-01, 3.99144225e-01, 9.40120235e-01, 5.06420943e-01,
  5.91849508e-01,-9.25009843e-01, 9.34742881e-01, 9.46280187e-02,
 -5.62868401e-01, 6.82757375e-01,-3.09432225e-01, 1.99049802e-01,
 -9.60668486e-01,-3.36344183e-01,-4.49461336e-01, 4.45509336e-02,
  5.66746266e-01,-6.38915929e-01, 2.49376453e-01,-4.79435770e-02,
 -9.58689202e-01,-9.06134947e-01,-8.10757435e-01, 1.20260291e-01,
  2.31903666e-02, 6.18715882e-01,-8.79374659e-02, 3.71453809e-01,
  9.18976134e-01,-4.69055914e-01,-9.77576898e-01, 8.20083024e-01,
 -4.97177189e-01, 8.00751051e-01, 3.98916602e-01, 1.62046935e-01,
  6.66283010e-01,-9.63945608e-01, 1.80162607e-01, 3.93390752e-01,
  3.86480591e-01,-5.14976812e-01, 8.19438888e-01, 4.06211904e-01,
 -1.43799869e-01,-6.96343027e-01, 9.92823772e-01, 7.75469612e-01,
 -2.35316401e-01, 6.44061208e-01,-3.18163103e-01, 6.52420416e-01,
  4.15401977e-04, 8.15278484e-01,-4.69002350e-01, 5.87275613e-01,
 -5.29141220e-01,-8.86831230e-01, 3.16253714e-01, 7.98877869e-01,
  4.91158701e-01, 9.36699204e-01,-1.46814942e-03, 7.98739697e-01,
  4.13324648e-01,-8.68861880e-01, 9.07244200e-02, 5.58401752e-01,
  5.06955247e-01, 7.83622046e-01, 9.36002407e-01,-7.41529401e-01,
 -1.37595585e-02,-1.92528379e-01, 9.69253744e-01,-1.01222843e-02,
  7.49206298e-01, 2.88596992e-01, 6.59515189e-01,-4.81429196e-01,
 -4.36347701e-01, 5.93652903e-01,-7.62735889e-01, 9.97095710e-01,
  5.05794661e-01,-1.76132988e-01, 9.48996775e-01, 9.99256909e-01,
  2.07862983e-01, 3.66338944e-01,-2.68774828e-01, 2.75957494e-01,
  9.44119076e-01,-1.45253031e-01,-1.88704488e-01, 1.14417057e-01,
  4.63351985e-01, 6.68974891e-01, 8.28281155e-02,-5.67536103e-01,
  8.26425360e-01, 3.48527927e-01, 4.47644536e-01,-8.79037541e-01,
 -5.57758249e-01, 9.60711793e-02, 5.29737539e-01,-7.75566597e-01,
  1.38752198e-01,-6.70877726e-01, 9.12696894e-01,-1.81849262e-01,
  8.42152664e-01, 9.73517778e-01, 9.01699431e-01,-9.02414644e-01,
 -6.94191897e-01, 1.36604741e-01,-9.81591774e-01,-8.59768620e-01,
 -5.49816685e-01, 8.31311598e-01, 7.92074576e-01, 5.79122148e-01,
 -7.36579031e-01,-1.26968682e-02,-5.90946180e-01,-9.13100511e-01,
  7.85627583e-01, 8.59156144e-01, 2.17665121e-01, 2.98211089e-01,
 -9.90064380e-01, 6.74152938e-01,-6.63120032e-01, 8.97147580e-01,
 -2.66930796e-01,-2.15190609e-01,-8.73220298e-01,-5.13660767e-01,
  9.55837984e-01, 2.55817825e-01, 2.91242836e-01,-4.40966581e-01,
  5.72535624e-01,-5.69495855e-01,-9.05589987e-01,-7.29124437e-01,
 -7.82187425e-01,-3.40089224e-01, 1.93683861e-01, 2.40843942e-01,
  6.35998370e-01,-7.43247304e-01,-5.51312874e-01, 4.02705337e-01,
  2.05338470e-01,-3.53968775e-01,-2.87503063e-01, 8.16423045e-01,
 -5.08527592e-01,-6.54858798e-01,-2.34051919e-02,-2.06567773e-02,
  3.29738935e-01,-5.88442589e-01,-1.98052417e-01,-5.60202015e-01,
  4.19530881e-01, 2.94600013e-01,-7.73264314e-02,-9.22246692e-01,
  1.82344557e-01,-2.81028369e-01,-5.88253172e-02, 6.24836506e-01,
 -1.67242708e-01,-4.70562105e-01, 4.24953653e-02, 6.21015904e-01,
 -5.74139557e-01, 1.69897180e-01,-6.38038316e-01,-7.04420186e-01,
 -5.14083457e-01,-7.80542183e-01,-7.95216450e-01,-4.21763158e-02]
[-0.43730606,-0.15541054, 0.73360796,-0.93598384,-0.37858141, 0.90819559,
  0.06819429, 0.49846449, 0.82552085,-0.88794591,-0.01201758, 0.29936363,
  0.85866792, 0.16256662,-0.34868975,-0.0405494 , 0.98040117,-0.63104311,
  0.18826398,-0.06209023, 0.23543711, 0.04335874,-0.18041072, 0.68929634,
 -0.42270544, 0.26973135,-0.26327867, 0.22173644,-0.4183087 ,-0.88939275,
 -0.46469723, 0.86013831, 0.27495659,-0.87310359, 0.15934352, 0.72119512,
 -0.46054853, 0.9759258 , 0.85954668, 0.22252058, 0.63537984, 0.09595985,
  0.35345936,-0.96843249,-0.18521833, 0.56940955,-0.63319524, 0.33858932,
  0.38586632, 0.98959837, 0.87433517, 0.78964333,-0.36090243, 0.52195614,
  0.8021543 ,-0.26302839, 0.78368773,-0.07708934, 0.39740006, 0.53505514,
  0.06430982, 0.74804203, 0.6384236 ,-0.71167053,-0.32382779, 0.22244565,
  0.98223713, 0.52536005, 0.39170489, 0.54115897, 0.42051751, 0.43845193,
 -0.19241693, 0.14452236, 0.03994761, 0.3326116 ,-0.30423223, 0.79347782,
 -0.66322641,-0.1766845 ,-0.14573426,-0.19549267, 0.62107477,-0.93297654,
 -0.49162585,-0.1475335 ,-0.701279  ,-0.06429189,-0.27581586,-0.56309981,
 -0.90870822,-0.69603046, 0.84901566,-0.84952941,-0.71141921, 0.26197557,
  0.59965245,-0.32684921, 0.71705095, 0.1597114 , 0.81921301,-0.72220908,
  0.82623996, 0.13671981, 0.95419308,-0.03515306,-0.30743355,-0.65693985,
 -0.06807587,-0.15125153,-0.92388289, 0.16775941, 0.12649774, 0.00999494,
  0.53737543,-0.47913412, 0.49549488,-0.65146579,-0.04265281,-0.69188226,
 -0.63465671,-0.31394937, 0.35264514, 0.6174233 ,-0.49532243,-0.78428447,
 -0.05619469,-0.60088632, 0.58240095,-0.77180173, 0.5415373 ,-0.88703891,
 -0.0306153 , 0.71272309,-0.58652025, 0.99597795,-0.59659516,-0.60146224,
  0.18402055, 0.6243367 ,-0.9029679 , 0.84900433,-0.80119395, 0.48413145,
 -0.05807341, 0.96484718,-0.64543927,-0.969388  , 0.77061173, 0.12362462,
 -0.04416224,-0.31687378, 0.44242705, 0.73150907, 0.38685129,-0.62099281,
  0.82555014, 0.69384148, 0.52196239, 0.97032364, 0.52994953,-0.85399022,
 -0.94881076,-0.14469503,-0.85167504, 0.60919636, 0.58092981, 0.07769784,
 -0.25943315, 0.2072992 , 0.08963418,-0.44369305, 0.51443557, 0.95177906,
 -0.77972658,-0.78848054,-0.3273506 , 0.19653259, 0.88059762, 0.9048806 ,
  0.24669513, 0.57142817,-0.63983941, 0.85724158,-0.47760898, 0.64163283,
  0.66118182, 0.35740464,-0.17930696,-0.1511943 ,-0.47759652,-0.44296936,
 -0.76480638, 0.25761745,-0.33376963,-0.26775734]
[ 0.64363852,-0.71654395,-0.69860209,-0.08060332, 0.60759978, 0.63660358,
  0.43328642, 0.57505664, 0.93927287,-0.19128061,-0.12677385,-0.29337328,
  0.65121301, 0.25240946,-0.73759464, 0.63830801,-0.55307369, 0.88890024,
  0.3195065 ,-0.04546095, 0.65508418,-0.74512652,-0.40269592, 0.23710015,
 -0.54670577, 0.63813863, 0.26003928, 0.86326914,-0.01954634,-0.60390661,
  0.82080168,-0.10128647, 0.1584962 , 0.93575835,-0.41412592,-0.70740843,
  0.68734814, 0.86663408, 0.66124841,-0.1558521 , 0.83984349,-0.96801364,
  0.07887078,-0.21356432, 0.72756805,-0.21371936,-0.02564362,-0.50047336,
 -0.55510942,-0.96729631, 0.60302797, 0.05184009,-0.43477377, 0.91608321,
 -0.48664528,-0.9885568 ,-0.48745921,-0.86057874, 0.79790195, 0.92887521,
 -0.62698839, 0.00105433,-0.33686867, 0.31151112,-0.33493129, 0.05723274,
  0.13037538, 0.06312421, 0.30051152,-0.74749607,-0.72265946,-0.60012508,
  0.81338878,-0.5006772 ,-0.41057122,-0.28547541,-0.51987413, 0.97330644,
  0.55079721,-0.98729863, 0.23125814, 0.24041059,-0.92299556,-0.44766855,
  0.80821856,-0.76196208, 0.62120463, 0.41406473, 0.4449484 ,-0.50049702,
 -0.97325112, 0.69129124, 0.97338413, 0.87335633, 0.84719633,-0.41250754,
  0.00884849, 0.98532926, 0.62390403, 0.71816023,-0.97706052, 0.04016232,
  0.74827852,-0.64341128, 0.38019372, 0.17392297, 0.93236803,-0.80934453,
 -0.00358045, 0.53856266,-0.97964459, 0.41496476, 0.34021829,-0.78830404,
 -0.22238478,-0.87610164,-0.80767436, 0.54006032,-0.87908804,-0.7768059 ,
 -0.73366926, 0.03584976,-0.5634079 ,-0.12467965, 0.86992799, 0.83810319,
 -0.28049452,-0.45284654,-0.83297513, 0.1046236 ,-0.33497571, 0.77413762,
  0.46589541,-0.13140996,-0.74536039, 0.7080129 ,-0.9957174 , 0.30472822,
 -0.9652404 , 0.01926294, 0.25109829, 0.2167906 , 0.71163585,-0.86152883,
  0.07284058,-0.08034411, 0.40942594, 0.82875621,-0.48010919,-0.87600943,
  0.94950726, 0.81656642, 0.88705576,-0.47681632, 0.01059182,-0.55021639,
 -0.34890408, 0.19100806,-0.56614482,-0.42297984, 0.51817257, 0.18290934,
  0.5257283 , 0.52081202,-0.43564291,-0.95809683, 0.69001451,-0.77556383,
 -0.76249862,-0.81133822, 0.34961223,-0.63403711,-0.29962254, 0.32395642,
 -0.85759817, 0.30492827,-0.96065016,-0.50134835, 0.77426808, 0.87823016,
 -0.20032066,-0.99129101,-0.70679055,-0.76098203,-0.18096448,-0.2264621 ,
  0.33158967,-0.69588175,-0.15837116,-0.23843431,-0.69679052,-0.20387209,
  0.24000405,-0.39786517, 0.13853201, 0.57593036]
[-0.69374386,-0.47021363,-0.88796461, 0.5494608 , 0.28143827, 0.97482365,
  0.79664395,-0.85777515, 0.50366387, 0.3733957 , 0.87813423, 0.33762992,
  0.27479777,-0.19987542, 0.06243783, 0.69606823, 0.50314302,-0.50585357,
 -0.27256346,-0.98703088, 0.3966953 ,-0.21101294,-0.10239438,-0.70938304,
 -0.43878595,-0.10607964,-0.4565375 , 0.64093128, 0.93886972,-0.75721859,
  0.6205304 , 0.77098618, 0.1669416 , 0.26809428,-0.26355227, 0.90245343,
 -0.57416464, 0.80146941, 0.41421528, 0.3319119 ,-0.48347384,-0.76872599,
 -0.44859568, 0.2321969 , 0.87760904, 0.1627265 ,-0.12215736,-0.12834165,
 -0.22557264, 0.15583622,-0.20807587, 0.14055624,-0.25155822, 0.92149782,
  0.81560371,-0.16902432,-0.75535597,-0.56914818, 0.33114324, 0.16649176,
 -0.2363837 , 0.5193189 , 0.55233195,-0.5779479 , 0.77782197, 0.71344016,
 -0.23159422,-0.97323672, 0.12703944,-0.08035442,-0.60180731,-0.48683538,
  0.94573162,-0.59155529, 0.15400583,-0.16158599,-0.94331877, 0.72213107,
  0.59618264, 0.92946085,-0.9921147 , 0.6843695 , 0.10730575,-0.7430543 ,
  0.95474822,-0.23635633, 0.48706006,-0.77066666, 0.35840019,-0.28844336,
 -0.48531253, 0.1705651 ,-0.71517759, 0.24526873,-0.72832215,-0.86239848,
 -0.79913295,-0.99050599, 0.25777258, 0.57850912, 0.00925146, 0.15342126,
  0.39643685,-0.76168852, 0.03952594, 0.51716465, 0.56370015,-0.53020856,
  0.50020162, 0.262483  , 0.19666796, 0.25813106, 0.01089111,-0.5680852 ,
 -0.20722537, 0.53271741,-0.32592086, 0.08052707,-0.97419325, 0.56310958,
 -0.39172282,-0.5262654 ,-0.34086044, 0.18353051,-0.86675263,-0.46257917,
 -0.72590746, 0.3677035 ,-0.30795268,-0.03716595, 0.168194  , 0.74478019,
 -0.11112898, 0.38819554, 0.06853007, 0.47502261, 0.60747061,-0.94695582,
 -0.70605068, 0.12436761,-0.70107681,-0.28574619, 0.94625975,-0.20736723,
  0.07654829, 0.68439121,-0.69382999, 0.02988085,-0.04979656, 0.69817241,
 -0.35553372, 0.56538854, 0.94413407,-0.74638175, 0.7598865 , 0.24122949,
 -0.18318656,-0.28603217, 0.92542881, 0.52015646, 0.05282077, 0.52419049,
  0.7189513 ,-0.02892704, 0.79925966,-0.5301163 , 0.07270672,-0.21713713,
 -0.8687031 , 0.67147394,-0.02985734, 0.49383231,-0.81365851,-0.70936584,
 -0.75850696,-0.61298108, 0.41999815, 0.88407977, 0.19103184,-0.35488537,
  0.73020538, 0.68871449,-0.79032199, 0.08870817, 0.94499831,-0.91852036,
 -0.04114605,-0.3248391 , 0.46596169,-0.87043341,-0.97274638, 0.30167474,
 -0.09279707, 0.67111287, 0.97023606, 0.25637834]