NN RHC lr=0.0001 decay=.99

        1 layer, 4 hidden nodes  
        clip max  = 50 
        activation = relu 
        max iters = 1000
        learning rate = 0.0001
    
train accuracy: 0.5852824511010806, 0.4392012036657092, 0.5283818903022842, 0.3855833675283819, 0.421830118998769, 0.5644918615784434, 0.46888250581315827, 0.5620298180823416, 0.617836137327315, 0.5657228833264943
train acc mean: 0.5139242237723979
train acc std: 0.0749786819319405
test accuracy: 0.5879458794587946, 0.43296432964329645, 0.5252152521525215, 0.37761377613776137, 0.44526445264452646, 0.5645756457564576, 0.4612546125461255, 0.5547355473554736, 0.6100861008610086, 0.5658056580565806
test acc mean: 0.5125461254612546
test acc std: 0.0737434176743199
loss: 0.9061774883154328, 0.9878369690391418, 1.423357046832947, 1.077601063018858, 0.7298528826425881, 0.7903243366831914, 0.7044280617346319, 0.8113059802714391, 0.6081337636708284, 1.0516179589247392
fitted weights: 
 [ 0.28665713, 0.08022996,-0.77219504, 0.40019497,-0.55961691, 0.97276894,
  0.61439762, 0.29169232, 0.338448  , 0.68547793,-0.51860596,-0.99219913,
  0.05117568,-0.5670388 , 0.62637261,-0.6248728 ,-0.74318102,-0.09996676,
 -0.85670916, 0.26022091, 0.25963374,-0.45766134,-0.37696636, 0.50563198,
  0.92343015,-0.20755791, 0.76728075,-0.83076183, 0.8910566 , 0.67310714,
 -0.76917468, 0.97848995, 0.73526955,-0.94422256,-0.29378575,-0.11447503,
  0.66160176, 0.76615   ,-0.18927555,-0.38363894, 0.1064394 , 0.41185983,
  0.74268631,-0.49265339,-0.96185115, 0.5597914 ,-0.71492871, 0.96393472,
 -0.53030992,-0.03466751, 0.04692205,-0.00627663, 0.41482309, 0.19630846,
 -0.43628545, 0.31265612, 0.17367784, 0.80935316,-0.60695497, 0.71173203,
 -0.61640494,-0.23667155, 0.71647735, 0.85098483, 0.20836968, 0.36891784,
  0.32840623,-0.06663738,-0.21409835,-0.68133786,-0.08864002, 0.95766084,
 -0.33510511, 0.17064118, 0.12393544,-0.5499454 , 0.91764834,-0.34641987,
 -0.37023918, 0.68319189, 0.44903797,-0.18594851, 0.61662252, 0.51566573,
 -0.38681173, 0.0796845 ,-0.49746993,-0.74494861,-0.51826139,-0.87393699,
 -0.16389961, 0.90551032,-0.92080943, 0.92200197, 0.80700128, 0.91109517,
 -0.58681579,-0.05128294,-0.18505409, 0.83860402,-0.69618416, 0.80728989,
  0.02228749,-0.33595283, 0.01224214,-0.29908727,-0.17853389, 0.84611597,
  0.27599723, 0.64558127,-0.36690625,-0.52412959, 0.76760948, 0.95529866,
 -0.70277647,-0.94451804,-0.34543083,-0.86904568,-0.31282248, 0.88202485,
  0.67539976, 0.11831425,-0.94713168,-0.43594528,-0.76392713, 0.78081008,
  0.26682098,-0.66791667,-0.2200137 ,-0.30909505, 0.11594387, 0.01794855,
 -0.81656502, 0.94038459, 0.49046388, 0.60442894, 0.49990402, 0.36591105,
 -0.10030164,-0.8129587 ,-0.78893992, 0.55533113,-0.60520986,-0.91064328,
 -0.03215392, 0.68773592, 0.84461653,-0.39483512,-0.10544907, 0.38692262,
 -0.05970415,-0.27078448,-0.94884434, 0.95331231, 0.6132937 ,-0.4523225 ,
 -0.1335043 ,-0.68595643,-0.09485542, 0.42854315, 0.05172166, 0.17077897,
 -0.22756055,-0.83330605, 0.59831525, 0.49782461, 0.28154658,-0.29794809,
  0.80047463,-0.08121872, 0.25141214, 0.0166388 ,-0.11666249,-0.08582601,
 -0.70818649, 0.35559105, 0.95956683,-0.16309231,-0.04082228, 0.8129446 ,
 -0.40090958,-0.1298761 ,-0.17277221,-0.14020235, 0.05212956,-0.76713477,
 -0.07312166, 0.0594696 ,-0.34835477, 0.91596192,-0.31789911, 0.16936776,
 -0.05198481,-0.90451746, 0.51507899, 0.31986687]
[ 9.29417032e-01, 5.31477360e-01,-5.49845805e-01,-3.61175688e-01,
  6.26572229e-02, 5.57425460e-01, 3.05828378e-01,-8.07300644e-01,
  9.76761185e-01, 7.19218614e-01,-7.07381965e-01,-6.24346126e-01,
 -4.65791448e-02,-7.53444359e-02,-2.39945892e-01,-5.35363632e-01,
  2.21648418e-04, 6.36029304e-02, 3.17776791e-02, 6.80430685e-01,
  8.87797937e-01,-6.59939861e-01,-3.62480009e-01,-6.61166409e-02,
 -5.45048609e-01, 8.43233256e-01, 6.64122661e-01, 1.40469601e-01,
 -5.39298272e-01,-2.15238975e-01,-8.41022704e-02,-8.18429491e-01,
  5.36739845e-01,-5.08891970e-01, 1.91242345e-01,-2.94782233e-01,
  9.88178414e-01,-8.30468401e-02, 9.48410759e-01, 3.47901262e-01,
  1.77473545e-01, 3.79292845e-02,-7.49161368e-01,-4.49828118e-01,
 -2.85392455e-01, 5.87622381e-01, 3.34641960e-02,-2.28421398e-01,
  9.01722071e-01,-1.97887011e-02, 6.16725598e-01,-3.97397769e-02,
 -2.79437123e-01, 8.35987424e-01,-2.26817625e-01, 7.31392806e-01,
  2.11803875e-01,-9.06112651e-01, 5.03544136e-01, 7.98290523e-01,
 -7.05521960e-01,-9.31749781e-01, 7.06126293e-01, 7.22506633e-01,
 -2.93134121e-01, 9.65858382e-02, 1.16134476e-01,-1.16305947e-02,
 -8.43429078e-01,-4.84268219e-01, 9.60106477e-01,-5.44643687e-01,
  1.52290084e-01,-2.98136265e-01,-3.01989074e-01, 6.09333071e-01,
 -3.14463941e-03, 9.98059226e-01,-2.77369347e-01, 8.85310661e-01,
  5.86697376e-01, 6.42657404e-01, 4.31386242e-03, 7.51568381e-01,
 -1.82235300e-01,-6.31094833e-01,-2.72932015e-01,-8.88562604e-01,
  8.31443797e-01, 8.38063432e-03, 7.19047461e-01,-1.89943195e-01,
 -6.68052657e-01, 8.14419989e-01, 3.26203368e-01,-5.49342356e-01,
  6.51190453e-01, 1.58981614e-01, 8.60460254e-01, 2.42434123e-01,
 -8.13991949e-02, 2.43300534e-01, 6.40170911e-01,-2.85238169e-01,
  3.20066945e-01, 9.75583474e-01, 8.28807560e-01,-1.83124790e-01,
  4.74408338e-01,-7.67450327e-01,-8.92875052e-01, 2.92905355e-01,
  2.72126987e-01,-8.87221390e-01,-9.87043765e-01, 7.65526523e-01,
  3.16155971e-01, 2.10943721e-01,-4.11798460e-01,-2.75713193e-01,
 -9.59412783e-01,-9.81860853e-01,-8.80990712e-01, 4.98937989e-01,
 -6.71664671e-01,-8.48213655e-02, 1.49042734e-01,-7.10949074e-01,
  8.35148499e-01, 4.18206973e-01, 5.96369761e-01, 8.33533877e-01,
 -9.08445800e-01, 6.32697356e-01,-2.53001910e-01, 2.35077622e-02,
  4.83986680e-01, 8.52804536e-01, 8.95321954e-01,-1.90386655e-01,
  3.22902239e-01, 9.51668736e-01,-5.67864248e-02,-3.27408487e-01,
 -1.97117213e-01,-7.56247826e-01,-2.65192817e-01,-4.40679454e-01,
 -6.97401266e-01,-9.26449590e-02, 7.36921573e-01,-2.57006440e-01,
 -2.64220788e-01, 5.20042469e-01, 6.40116689e-01, 4.42546160e-02,
 -5.56146169e-02, 2.82833697e-01, 9.62212975e-01,-7.99574766e-01,
  5.86777401e-01,-1.49174903e-01,-9.96461528e-01, 9.43506175e-01,
  5.35088016e-01, 1.46681835e-01,-4.04044438e-02,-5.25172863e-01,
 -7.37972087e-02, 8.44550801e-02,-4.71784467e-01, 3.24279512e-01,
  4.30885132e-01,-9.90327698e-01, 6.25665068e-01, 4.72022107e-01,
  7.87392365e-01,-5.12894061e-01, 6.08406928e-01,-1.61663551e-01,
  7.28673999e-01,-2.14708436e-01, 4.04653275e-01, 7.64947635e-01,
  9.33527628e-01,-5.14321719e-01,-3.15945120e-01,-1.00892222e-01,
 -8.05216678e-01, 9.81040339e-01, 1.53250835e-01, 9.83382647e-01,
 -4.82079798e-01,-3.13577390e-01, 4.09320238e-01,-8.54329156e-01]
[ 0.74602461,-0.63287847,-0.08657419,-0.85977863,-0.49624938, 0.67989852,
  0.30645305,-0.44745437,-0.57343667, 0.72021019, 0.96834897,-0.22959463,
 -0.31301444, 0.41850932,-0.7842468 ,-0.07066169,-0.65723066, 0.83949945,
 -0.06748677, 0.8290513 , 0.96656492,-0.71918911,-0.41122778,-0.42015305,
  0.23808896,-0.41196514, 0.70385803, 0.19459406, 0.80144081, 0.74563241,
  0.19426351,-0.21996624,-0.98848075,-0.76974533, 0.04516008, 0.32080787,
 -0.91058879, 0.41583244,-0.4010141 , 0.34351887, 0.17324202, 0.7063482 ,
  0.18896945, 0.99770118, 0.5178426 ,-0.52742484,-0.75325378,-0.305914  ,
 -0.31140185, 0.24505629, 0.69325729, 0.78456427,-0.30973692,-0.67225502,
  0.75365881,-0.64344435, 0.8482774 ,-0.77859096,-0.00349522, 0.59985525,
 -0.46233267, 0.94972083,-0.19413835,-0.8535225 , 0.6928645 ,-0.02093127,
 -0.96531401, 0.61978752,-0.98512108, 0.67302763, 0.4846562 ,-0.80328979,
  0.35723797,-0.10937907,-0.03754472,-0.60054477, 0.59529147, 0.13040046,
 -0.09606983, 0.5902502 ,-0.17861196,-0.39343023, 0.4411518 , 0.45773577,
  0.33738638, 0.11998006, 0.02857078, 0.65135301, 0.9765924 , 0.92927908,
  0.72145932, 0.13778969, 0.07365491,-0.88228475,-0.51822058,-0.01404409,
  0.68672285,-0.83342109,-0.44565189, 0.77017305,-0.18401067,-0.47768996,
 -0.16824889,-0.37244445,-0.83227512,-0.92143797, 0.42768309, 0.83963663,
 -0.69702768,-0.6155948 ,-0.94317009,-0.60049704, 0.29530014, 0.38158229,
 -0.34641535,-0.9276128 ,-0.56592414,-0.5705983 ,-0.79682039, 0.06761435,
 -0.03180079,-0.35695944, 0.17721137, 0.71094855,-0.33861013,-0.1083133 ,
 -0.39217174, 0.65213751, 0.01866401,-0.01278108,-0.40880721,-0.66111886,
 -0.48333623, 0.4520416 ,-0.82121262, 0.56263478, 0.32969373,-0.70887479,
  0.88044539, 0.21048081,-0.53874212, 0.56433755, 0.62645018, 0.58479593,
 -0.54990771,-0.75601721, 0.41302424, 0.93893087,-0.25832649,-0.99551559,
 -0.00562838, 0.03842413, 0.22761492, 0.35859797,-0.63755764, 0.96182551,
 -0.43370409,-0.27781754,-0.75892953, 0.53339203, 0.35906381,-0.42256941,
  0.83489408,-0.36435547, 0.7633477 , 0.13917627,-0.94881343,-0.10068618,
  0.38993738,-0.51302043, 0.10594872, 0.32436187, 0.04243089,-0.61938858,
 -0.19983553,-0.62581133,-0.69590055, 0.20076003, 0.09806409, 0.36041483,
 -0.28371041, 0.28417496, 0.43576765,-0.56553693, 0.2491235 ,-0.30308644,
 -0.78868806,-0.14084081,-0.0405384 , 0.30753007, 0.13359383, 0.37078125,
  0.80401971, 0.59847746, 0.02680757,-0.98375095]
[-1.79080382e-01,-1.80602726e-01,-9.77962688e-02, 7.05963309e-01,
  4.49508128e-01, 1.88614532e-01, 1.47234077e-01,-6.29049254e-01,
 -5.28472859e-01, 7.24808639e-02,-6.41269764e-01, 9.06750633e-01,
  7.66749480e-01, 9.01547747e-02, 9.26503494e-01,-8.40734699e-01,
 -5.44037998e-01,-5.89791459e-01, 4.53122571e-02,-4.50021656e-01,
  4.23271306e-01, 5.83678678e-01,-6.96774326e-01,-2.52813279e-01,
 -2.43415562e-01,-7.59442813e-01, 4.58640150e-01,-5.97607607e-01,
 -6.00832863e-01, 6.24331149e-01,-6.22618985e-01,-6.67778837e-01,
 -7.24873924e-01,-9.82742113e-01,-7.84913077e-01, 2.52919235e-01,
 -1.99238236e-01, 5.13046586e-01, 1.23555147e-02, 9.69949678e-01,
  9.36829422e-01,-6.01123484e-01,-4.68320114e-01,-9.18496722e-01,
 -1.40122118e-01,-9.90641854e-01, 9.68899766e-01,-1.15177456e-01,
 -2.57303309e-01,-1.44169362e-01, 3.54820173e-02,-6.23038569e-02,
 -9.29428764e-01, 1.82164987e-01,-5.50522696e-01,-8.42068706e-01,
  2.01723668e-01,-9.41774229e-01, 4.97711115e-01,-3.82780180e-02,
  9.95261387e-01,-4.93388451e-02,-7.48091847e-01,-4.60120123e-01,
 -3.77356446e-02, 2.34867392e-01,-5.43434373e-02, 7.00842691e-01,
  4.20089888e-01, 4.63286364e-01,-8.89127454e-01, 5.26973290e-02,
 -9.40077584e-01,-7.62511074e-01,-3.69417054e-01, 5.41736345e-01,
  4.62855719e-01, 9.05733782e-01,-2.86383060e-01, 8.47142106e-01,
 -5.93428490e-01, 8.77122397e-01, 2.07089622e-01,-9.89232911e-01,
  7.80143480e-01,-6.71494365e-01,-8.12013958e-01,-2.76198973e-01,
 -7.32529092e-01, 2.87402026e-01,-2.01620396e-01,-9.73355779e-01,
  5.19208356e-01,-7.77292613e-01,-6.00964361e-01,-6.29022749e-02,
  7.48288855e-01,-2.23840125e-01, 2.11770003e-01,-1.14160001e-01,
  7.31087197e-01, 9.24269240e-01,-5.48874674e-02,-4.90125835e-01,
 -1.17242554e-01,-4.75691779e-01,-9.75531712e-02, 8.42446934e-01,
  4.25227368e-01, 8.15357467e-02,-7.63531140e-01,-5.87524729e-01,
  1.86125388e-02, 6.25111473e-01,-2.91101915e-02,-9.26724476e-01,
  9.86708649e-02,-5.83406344e-01, 6.06600017e-01, 2.62055070e-01,
 -5.29780094e-01,-3.31280692e-01,-4.48294306e-01, 8.57209955e-01,
 -2.57082958e-01,-3.31025396e-01,-8.42062214e-01,-6.18229559e-01,
  7.48271057e-01, 2.57171870e-01,-3.75287859e-02, 7.87737224e-01,
  2.34315492e-01,-7.25116780e-01, 7.28959754e-01, 1.01372398e-01,
 -8.09166480e-01, 3.18445983e-01,-9.80972242e-01,-6.09367654e-02,
  3.51036338e-01,-9.95300673e-01, 5.36112219e-01,-2.61164166e-01,
 -6.53607404e-01,-4.44335134e-01, 5.82480414e-01,-7.02714986e-01,
 -7.03700100e-01,-7.30991423e-02,-6.45931655e-01,-9.78042013e-01,
 -8.47701059e-01,-2.42152126e-01, 2.35398778e-01, 4.91588124e-01,
  8.91219857e-01,-4.01562833e-01, 7.31979841e-01,-9.71912883e-01,
  1.00009548e+00, 5.68314304e-01,-6.17097835e-01,-7.17153381e-01,
  4.68381221e-01, 7.33928772e-01,-7.95307789e-01,-3.90882344e-02,
 -4.27970018e-01,-1.13713956e-01,-1.36093318e-02, 9.59157830e-01,
 -2.12443864e-01,-3.72738877e-01, 5.80400652e-01, 4.53761155e-01,
  3.33100190e-01,-7.48294958e-01,-8.65901681e-01, 8.25500893e-01,
 -5.80949242e-01,-6.09482581e-01,-1.51170940e-01,-6.61481154e-01,
 -4.05651369e-01, 2.87543202e-01,-6.94463712e-01, 4.96227567e-04,
 -3.66858704e-01, 7.57474362e-01,-5.04382054e-01, 7.61012718e-01,
 -9.86504400e-01, 8.45930596e-01, 1.67057602e-01,-4.00995879e-01]
[ 1.53146654e-01,-3.69444703e-02, 1.20201943e-01,-1.29470506e-01,
 -9.72412311e-01,-2.14797998e-01,-6.40386206e-01,-5.08579472e-01,
 -4.72965709e-01,-4.38790166e-01,-2.49686838e-01,-7.79244815e-01,
 -2.46932636e-01,-1.38748768e-01, 9.91751758e-01, 8.01551245e-01,
 -1.85139266e-01, 6.21582715e-01, 8.60430364e-01, 5.51670331e-01,
 -1.85578282e-01,-6.63882932e-01,-7.41464435e-01, 9.79542054e-01,
 -4.97277997e-01,-7.32648706e-01, 6.35720839e-04,-1.70399694e-01,
  9.24881276e-01, 4.31947807e-01, 9.50522693e-02, 1.49748185e-01,
 -3.41634596e-01, 2.74737172e-01,-7.84215088e-01, 1.49411088e-01,
  1.47107635e-01, 3.40592143e-01, 3.72609068e-01, 6.09944621e-03,
 -1.52069682e-01, 6.49293009e-01, 4.57002231e-01, 4.42244722e-01,
  1.48831880e-01,-1.45199529e-01,-2.08812088e-01, 7.80860069e-01,
 -2.26860018e-01, 8.91175142e-01,-4.85575561e-03,-3.03362036e-01,
  3.89045263e-01,-2.99032318e-01, 7.14206814e-01,-9.98212797e-01,
 -7.40869543e-02, 8.98492303e-01, 9.88874002e-01,-2.80399912e-01,
  4.85860150e-01,-6.83299285e-01,-4.93856075e-01,-1.93616460e-01,
 -7.08163831e-01,-3.69020889e-01, 3.24002224e-01, 5.88050794e-01,
 -6.51061563e-02,-9.70614004e-01, 9.71385667e-01,-6.62069856e-01,
  6.11951081e-01,-6.89869638e-01, 2.28158969e-01, 7.47493861e-01,
 -7.95411559e-01,-6.36754640e-02, 9.50091782e-02,-7.70929264e-01,
  2.33718983e-01,-4.34089102e-01,-4.59730604e-01, 5.03165111e-01,
 -7.76240800e-01,-5.35721526e-01,-5.99670627e-01, 3.93688969e-01,
  7.65848403e-01, 8.72371442e-01, 9.91655648e-01,-1.07500287e-01,
  7.05655829e-02, 9.17551179e-01, 3.27387771e-01, 4.15718062e-02,
 -6.78219411e-01,-8.17469313e-01,-6.25455712e-01,-2.75233530e-01,
 -3.32996907e-01,-2.40095999e-01,-9.30920671e-01,-5.96471205e-01,
 -1.96026790e-01, 9.83399171e-01, 9.01093755e-02, 5.49818533e-01,
  8.67961078e-01, 9.14707829e-01,-8.34090125e-01, 2.01235873e-01,
  5.25897230e-01,-4.20024570e-01,-4.35488201e-01,-3.68390892e-01,
 -6.57293493e-01, 1.18612946e-01, 7.66669767e-01,-5.88258540e-01,
  5.96334163e-01, 7.25228366e-02, 8.87294361e-01,-5.12702018e-01,
 -2.68796490e-01, 2.95631490e-01, 9.52521803e-01,-6.83830476e-01,
 -3.76259081e-01,-5.22087790e-01, 5.66741529e-01,-2.75371241e-01,
 -7.87895230e-01, 2.76818589e-01,-2.92292553e-01,-1.06763832e-01,
  5.86323574e-01, 8.26278353e-01,-3.78957484e-01, 2.76455663e-01,
 -6.84434069e-01,-4.60904469e-01, 4.48258857e-01,-8.37688740e-01,
  9.67578504e-01,-7.41542578e-01,-1.93543539e-01, 1.51364404e-01,
  6.57921567e-01, 7.86460328e-01, 4.65790602e-01, 7.17836180e-02,
  4.09900291e-01,-1.47742429e-01,-7.93314060e-01,-4.36216249e-01,
 -6.05691670e-01,-2.59111409e-01,-5.32108164e-01, 4.19864611e-01,
 -6.03634210e-01,-9.73303858e-01, 3.68420007e-01,-5.61004260e-01,
 -9.56798431e-01,-4.46515927e-02, 5.34650788e-01,-5.37811558e-02,
  5.86602685e-01, 8.30452222e-02,-2.40203565e-01, 4.20216974e-01,
 -2.50221889e-01, 6.29606267e-01,-4.64967138e-02,-8.60310398e-01,
  6.84618903e-04, 7.64202411e-01,-9.04436315e-01, 1.33971272e-02,
 -1.55576535e-02, 3.18640363e-02,-2.45066177e-01,-9.84826290e-01,
 -1.65981314e-01,-3.60403674e-01, 5.35333813e-01,-7.10002395e-01,
  7.86221979e-02,-3.43185052e-02,-1.88228258e-01,-9.75106446e-01,
  7.84494240e-01,-4.19733653e-01, 1.86316996e-01, 3.63990352e-01]
[-0.03003144, 0.54583978,-0.98500266, 0.62959874, 0.20101222,-0.29802735,
  0.19471071,-0.23459956, 0.20642563,-0.80278633, 0.58929583, 0.89771888,
 -0.40550028, 0.34182191, 0.49745071, 0.20426058, 0.85898022,-0.1541369 ,
 -0.24660045, 0.73186441, 0.4913415 , 0.73952986, 0.87169371,-0.58462506,
 -0.68190512,-0.66747493,-0.12444151,-0.08674344, 0.21761229, 0.88995072,
 -0.30991358, 0.53275901,-0.82911242,-0.52298949, 0.10475778,-0.43443817,
  0.94267942, 0.62034983, 0.88403477,-0.50029032,-0.97795555,-0.86149546,
 -0.11847029, 0.12769601, 0.66694024, 0.0796836 ,-0.63520794, 0.93896316,
 -0.39218468,-0.20640485,-0.33403621,-0.09976884,-0.20534907,-0.05528927,
 -0.22001433,-0.49659585, 0.25531877, 0.42108436,-0.19818783, 0.52423964,
 -0.67052431,-0.60455848,-0.00504925, 0.86102094,-0.90050214,-0.29997842,
 -0.97000506,-0.94010549,-0.93964923,-0.00662932,-0.05246384, 0.69214779,
  0.78528634,-0.278889  , 0.46079358, 0.17838961,-0.18727574,-0.93331081,
 -0.20856092,-0.30693354, 0.8154981 ,-0.09795569,-0.28778519,-0.60319878,
 -0.21279489, 0.15596232,-0.85495421, 0.53073557, 0.37853925,-0.02795658,
  0.37489888,-0.57772438,-0.54697663, 0.95268061,-0.59801253,-0.74971095,
  0.07060833, 0.18821646, 0.19133849,-0.11237093,-0.52033311, 0.02796298,
  0.08801875, 0.27094606,-0.69367321,-0.5264493 , 0.27673092, 0.85467564,
  0.71061568, 0.85319035,-0.65360228,-0.94009709, 0.69297442,-0.24198094,
 -0.24960163, 0.87066858, 0.41731722, 0.32304492,-0.5935187 , 0.08916185,
  0.64750573, 0.32154195, 0.56076968,-0.21965302, 0.3813502 , 0.62803953,
 -0.96819426,-0.05736895,-0.29181558,-0.33767092, 0.59826562, 0.26576119,
  0.25240037, 0.99521053,-0.80124688, 0.86500366,-0.47152445,-0.02158845,
 -0.52494249,-0.27488118, 0.47896052, 0.12439724,-0.76970026, 0.08167665,
  0.44157453,-0.09538322, 0.88122926,-0.37716945,-0.76171449, 0.41748806,
 -0.53724091,-0.70370679, 0.86764506, 0.34018439,-0.84815477, 0.9222121 ,
  0.91776694, 0.19644689,-0.71704437,-0.28737087, 0.92419336,-0.55900672,
  0.43903246, 0.53923221,-0.97878208,-0.31991838,-0.05389813, 0.63498291,
  0.91141831, 0.60982376, 0.14905486,-0.25001772, 0.23958956,-0.09098237,
  0.93338917, 0.00103698, 0.79288711, 0.92473726,-0.96615143,-0.10999763,
  0.32415848, 0.31069387, 0.36931972,-0.99736638, 0.553693  , 0.37981239,
  0.67221604,-0.61296799,-0.35946336,-0.02122406,-0.93635008,-0.44269837,
  0.40735598, 0.37157165, 0.042012  ,-0.63061015]
[-0.29783985, 0.74900083, 0.64435381, 0.34214672, 0.15324408, 0.0075849 ,
  0.49853593,-0.90999909, 0.60667129, 0.40148225, 0.08483686, 0.7645257 ,
 -0.978158  ,-0.24827615, 0.16285125,-0.55785969,-0.12199234, 0.25492967,
 -0.35786965,-0.05852797,-0.62961123, 0.97628196,-0.2518353 , 0.42995789,
  0.74606351, 0.64529468,-0.37512888, 0.78944477,-0.73868513,-0.92322511,
  0.35579189,-0.14006957, 0.01361627, 0.38748648,-0.25427795,-0.66337506,
 -0.72138517,-0.86932498, 0.58215934, 0.01441308, 0.14979518,-0.02038321,
 -0.92169101,-0.41074593,-0.53653669,-0.8035251 ,-0.80263018,-0.46721008,
  0.00913895, 0.42442369, 0.38874644, 0.01526125, 0.34131299, 0.17713059,
  0.73609479,-0.96077203, 0.24883004,-0.79321455, 0.85809263,-0.72877793,
 -0.11168378,-0.19172184,-0.64290218, 0.30264098,-0.04463244, 0.16165538,
  0.20087277,-0.80470568, 0.1943117 , 0.62807938,-0.10392993,-0.93545861,
 -0.09408369, 0.5383046 , 0.36083906,-0.64240151, 0.79799662, 0.80983598,
  0.30438635, 0.4519753 ,-0.77510852,-0.89999714,-0.6547823 ,-0.40077241,
 -0.06620487,-0.20170491, 0.63676619,-0.47373813,-0.8465043 , 0.51124463,
 -0.18620112,-0.26154866,-0.06731535,-0.70695963,-0.39612098,-0.48766842,
  0.6078102 ,-0.28136855,-0.86094551, 0.69188186, 0.93862185, 0.65285012,
  0.84819703, 0.31411458, 0.96376043,-0.20458325,-0.82519758,-0.12272961,
  0.10388103, 0.44672256,-0.99660287,-0.04353442, 0.02266687,-0.78507575,
 -0.45209708,-0.07350435, 0.86463439, 0.88780945,-0.79558727, 0.35215008,
 -0.07355642,-0.73769511,-0.9036437 , 0.34480865, 0.32945922,-0.67063046,
 -0.41917837, 0.59834093,-0.45360908,-0.5546807 , 0.07113685,-0.13741691,
  0.91552902, 0.70821008,-0.09559575, 0.95562831, 0.19693263,-0.394193  ,
 -0.84429555, 0.93411995, 0.58096813, 0.59213233,-0.42335426,-0.47493264,
  0.48175973,-0.34932925,-0.14488397,-0.56311002,-0.70421505, 0.59507348,
 -0.26363979,-0.25248558, 0.81935121, 0.23085131, 0.09694001,-0.25325687,
 -0.07159112, 0.87086355, 0.18937855,-0.66824137, 0.77060661,-0.38777058,
  0.89435138, 0.9819556 , 0.8924061 ,-0.82084924,-0.75729576,-0.9424061 ,
 -0.30708824,-0.21483329, 0.07331042,-0.28595309, 0.75853412,-0.51776447,
 -0.58069798,-0.46198051, 0.72780898, 0.45233401, 0.60009611,-0.66295374,
 -0.22627281,-0.19936657, 0.02817346, 0.29997666, 0.97023752, 0.81840367,
 -0.31792544,-0.15155641,-0.05398682, 0.60417068,-0.36636853, 0.47973981,
  0.1474817 , 0.32684741,-0.45480416,-0.69398609]
[ 0.84994548, 0.39730048, 0.84522556, 0.34444893, 0.84130752, 0.19702736,
 -0.04004332,-0.33632118, 0.27821373, 0.16325703, 0.11366407, 0.52085674,
  0.81783472, 0.01257053,-0.7628384 ,-0.33661668, 0.23083582,-0.37000673,
 -0.71007811, 0.73583611, 0.50897687,-0.27073886,-0.9051721 ,-0.72670745,
 -0.50860884,-0.41565831,-0.36348418,-0.21434062, 0.5044936 ,-0.79502967,
  0.19059979, 0.2332909 ,-0.75715258,-0.67292594,-0.18291023, 0.07900291,
  0.29185483,-0.69269182, 0.25858942,-0.58336121,-0.21909896,-0.10998917,
  0.96388719,-0.91518972, 0.19906092,-0.41248769, 0.42040776,-0.71442325,
 -0.4723083 ,-0.25638899, 0.56346744,-0.75966861,-0.05926771,-0.25710704,
  0.21026901,-0.37668437, 0.07589244, 0.97575423, 0.37732906,-0.93824314,
 -0.81395859,-0.47895242, 0.82880658, 0.51614016, 0.48039248,-0.11313064,
 -0.49376707, 0.05866764, 0.32183644,-0.90438429, 0.67593162, 0.75133197,
 -0.40637667, 0.76883574, 0.99199118, 0.19575094,-0.58874229,-0.03191088,
  0.94225282,-0.69489651,-0.72079884, 0.7945273 , 0.52533746, 0.53478006,
 -0.24316724, 0.81101429, 0.90799549, 0.74255396,-0.82318814, 0.30193796,
  0.09021361, 0.76155521, 0.82721081,-0.15481375,-0.39328582, 0.55110377,
  0.41102788,-0.78273117, 0.74312394,-0.85284617,-0.12547021, 0.0682446 ,
  0.32190022,-0.45583843,-0.86451747,-0.97344336, 0.28323487, 0.79301556,
 -0.21615438, 0.73568271,-0.72383173,-0.49672098, 0.28181615, 0.71375093,
  0.65260219,-0.29664519, 0.89827156,-0.70153918,-0.12050318,-0.20264294,
 -0.62318824, 0.07258969, 0.86294968,-0.55483373, 0.33816512, 0.83011999,
  0.89745943,-0.28158843,-0.0968419 ,-0.66905948, 0.02850293,-0.65333561,
  0.09472325, 0.47307288,-0.35839273, 0.16199737,-0.43340139, 0.01690844,
 -0.9654087 , 0.05818162, 0.36532862,-0.12718714, 0.89041437,-0.4726514 ,
  0.37679298, 0.9095335 , 0.06724212, 0.72437927, 0.7917493 , 0.33517318,
  0.81288596, 0.34366114, 0.98569769, 0.52394884, 0.55727431,-0.14623866,
 -0.72717436, 0.00662415,-0.87315034,-0.5368241 , 0.20181838,-0.53019167,
  0.15187033,-0.84493841, 0.42872377,-0.43823632, 0.4096758 , 0.94265771,
 -0.46322772,-0.15575354, 0.59126922, 0.29958262,-0.72112529, 0.55255544,
 -0.00561152, 0.748184  , 0.2314391 ,-0.54768384, 0.57833479, 0.51567153,
  0.3089619 ,-0.79198565, 0.10862423,-0.5002402 ,-0.21606779, 0.46967011,
  0.75710326,-0.13028566,-0.40350914,-0.98251253,-0.62141719, 0.82703026,
  0.96700414, 0.02329562,-0.3545637 ,-0.14077816]
[-0.32830133, 0.20647893,-0.35057505,-0.04382721, 0.23212235, 0.60585007,
  0.51717149, 0.27430109,-0.86572122,-0.87408992, 0.25856342, 0.78698594,
  0.59786848,-0.56388398,-0.12194636,-0.35872258, 0.48767369,-0.71706663,
 -0.47071102,-0.96019447, 0.99404949, 0.23977665,-0.9494087 ,-0.82142378,
 -0.99631037,-0.93182336, 0.98645052, 0.24198785, 0.81653582, 0.88696464,
  0.09826377, 0.14689541,-0.82395327, 0.47480573,-0.05527581, 0.57112978,
 -0.3758928 , 0.37468225, 0.15531352, 0.84158229,-0.89380837,-0.3409986 ,
 -0.17302236, 0.65709848,-0.33353741,-0.80305975,-0.81351918, 0.62902247,
 -0.7441096 ,-0.90157622, 0.20990481,-0.10618042, 0.40695094, 0.10888081,
  0.61243194, 0.93402373,-0.72864245, 0.34852408, 0.40253069, 0.91359115,
 -0.40728288, 0.26278525,-0.1093547 ,-0.27663949,-0.87569972,-0.90583264,
 -0.34392519, 0.72974252,-0.38564211,-0.44781012,-0.54618561,-0.04729347,
  0.23104772, 0.78918496, 0.57928526, 0.1498762 ,-0.32327432,-0.87387143,
  0.47082486,-0.53381492,-0.45991799, 0.33011082,-0.21941243, 0.94637248,
 -0.25972215, 0.00717662, 0.47343428, 0.63132537,-0.41044508, 0.41300629,
  0.80464019,-0.0111586 , 0.60972431, 0.39737042,-0.98435687, 0.30069306,
 -0.04401291,-0.00351554, 0.97692562,-0.03184542,-0.5996437 ,-0.10918147,
  0.96171865, 0.31083284,-0.84068745, 0.97518444, 0.49578628,-0.51959773,
 -0.85761914,-0.64515317, 0.39451468,-0.83410192, 0.1528764 , 0.92130787,
 -0.14728529, 0.77659524, 0.81286441,-0.30235225,-0.02499353, 0.63498384,
  0.72734706, 0.71088801, 0.10809014, 0.91699578, 0.12733215,-0.69702089,
  0.47105475,-0.38022686, 0.03766861,-0.13075166, 0.65699542,-0.91863497,
  0.3183611 ,-0.01986369,-0.85038251, 0.70181179,-0.95328529, 0.27418797,
 -0.76966965,-0.84969371, 0.47749901, 0.58893964, 0.84058576,-0.50008208,
 -0.19791599, 0.76534035, 0.82913237, 0.08162279, 0.34132895, 0.22111584,
 -0.67562132, 0.48345816,-0.35231895,-0.87762227,-0.85218121, 0.88718603,
  0.77808243, 0.75920356,-0.74131561,-0.73392182, 0.68276157,-0.63524253,
 -0.46781162,-0.18860355,-0.70622263,-0.36871668,-0.91857221,-0.25505954,
  0.16588321, 0.45525978,-0.01511533, 0.46273319, 0.64655582, 0.68766631,
 -0.0897346 , 0.60409893, 0.99889212, 0.88872447,-0.8875951 ,-0.13902045,
 -0.76641948,-0.19924068,-0.53644944, 0.54308493,-0.89555259, 0.8165446 ,
 -0.34232308, 0.37357272, 0.94089635, 0.1021352 ,-0.23513717,-0.15904824,
  0.01388669, 0.07434203, 0.95031794,-0.35334282]
[ 0.149869  , 0.71635688, 0.67992413,-0.63920267, 0.78547022, 0.0771359 ,
 -0.36662847, 0.39405671,-0.54171835,-0.20244356, 0.9799758 ,-0.11913759,
 -0.12290589, 0.40362087, 0.44941423, 0.37387542,-0.30174254,-0.62794415,
  0.72475447, 0.16634804,-0.40122195,-0.84485873, 0.69533465,-0.99588178,
 -0.12717462, 0.49418284, 0.77273689, 0.38295021,-0.3968731 ,-0.16283172,
 -0.60454163,-0.09863508, 0.67993458, 0.41046603, 0.82015686,-0.54431249,
 -0.49192337,-0.82985082,-0.90730729, 0.64574278, 0.14335774, 0.56061568,
  0.96868174, 0.38969277,-0.66989626, 0.64263082,-0.9422068 ,-0.73611602,
  0.67303364, 0.91090356,-0.55349088, 0.4442893 ,-0.73733012,-0.37723147,
  0.21392356, 0.85693415, 0.19466629, 0.41054204,-0.42564707, 0.90873086,
  0.51736096, 0.17924   ,-0.55120637, 0.96118905,-0.5915917 ,-0.62310284,
  0.90123793,-0.52541005,-0.61657603, 0.68865015, 0.20351513, 0.12938905,
 -0.3945049 ,-0.28202184,-0.64420516,-0.13919787,-0.84378915, 0.88937786,
  0.07884392, 0.21908497,-0.39339705, 0.40949284,-0.813453  , 0.14747049,
  0.89152884,-0.9298697 ,-0.21463457, 0.60715612, 0.33938695, 0.08423295,
 -0.37903544, 0.61891716,-0.48872166,-0.43664485,-0.21826914,-0.3996241 ,
 -0.11129685, 0.4433486 ,-0.694574  , 0.85452811, 0.38775733,-0.69678181,
 -0.96863623,-0.61337728, 0.42497638,-0.90363424,-0.57873998, 0.46314851,
 -0.38468399, 0.75074415,-0.78046133,-0.26454196,-0.32118426, 0.37148659,
  0.84072761, 0.93894155, 0.91424493,-0.0376216 ,-0.27588699, 0.06992002,
 -0.8775356 ,-0.12118855,-0.23153926, 0.89656311,-0.63720199, 0.56494764,
  0.49489321, 0.04996058, 0.60524596,-0.43263968, 0.62746032, 0.39050842,
 -0.55599362, 0.21582568,-0.48089129,-0.8647688 ,-0.00299056,-0.55821688,
  0.74728425,-0.83851676,-0.69950262,-0.88981968, 0.09638681, 0.63549226,
  0.09717061, 0.91994305, 0.17064572, 0.2574489 , 0.52435376, 0.3807683 ,
 -0.38347362,-0.65058136,-0.67414825, 0.32881412,-0.36923307,-0.06530844,
  0.63816528, 0.28278243,-0.81831549, 0.2773958 ,-0.82387286, 0.96204332,
 -0.46724002, 0.37161887,-0.04846258, 0.85363988, 0.78504833,-0.99862028,
 -0.42900953,-0.49075449, 0.63218701,-0.26077218,-0.89460726, 0.45713256,
 -0.9117741 , 0.70189967,-0.78472502, 0.02652884,-0.08270785,-0.33102087,
  0.12613135,-0.3690811 , 0.32708415, 0.51702181, 0.56620378,-0.84764796,
 -0.75664137, 0.37411249,-0.08745454,-0.40255081,-0.58532801,-0.97323196,
 -0.0257243 ,-0.72144478,-0.88887135,-0.6828711 ]