NN RHC lr=0.001 decay=.99

        1 layer, 4 hidden nodes  
        clip max  = 50 
        activation = relu 
        max iters = 1000
        learning rate = 0.001
    
train accuracy: 0.6163315551908084, 0.45821365066338393, 0.5800848037204213, 0.6079879633429079, 0.38024893995349474, 0.5437012720558063, 0.45411024483654766, 0.5668171248803173, 0.5062234988373684, 0.559430994392012
train acc mean: 0.5273150047873069
train acc std: 0.07230788426760144
test accuracy: 0.6260762607626076, 0.44772447724477243, 0.5904059040590406, 0.5940959409594095, 0.36531365313653136, 0.5399753997539976, 0.43050430504305043, 0.5559655596555966, 0.46371463714637146, 0.5756457564575646
test acc mean: 0.5189421894218942
test acc std: 0.08173512716667293
loss: 0.8273927072697652, 0.9180831788326748, 0.7653191354810196, 0.669730632600987, 1.8831929414002269, 0.6204136121123607, 0.7014968902663623, 1.01979246213766, 1.4710643738543163, 1.4205466683615189
fitted weights: 
 [ 0.23251257,-0.81061526,-0.86845113,-0.01977206, 0.27409904,-0.92276801,
  0.52721912, 0.35148847, 0.07373925, 0.95822455,-0.10619774, 0.04350109,
 -0.81274262,-0.8611602 ,-0.24319936, 0.17648007, 0.88512751,-0.63764939,
  0.58359256,-0.22806669, 0.51788598,-0.66901785,-0.46865873, 0.0568256 ,
 -0.47742305,-0.51256021, 0.26806564,-0.89314154, 0.34787706,-0.70581428,
 -0.62840625,-0.67984831,-0.01976056,-0.34381362, 0.41014682, 0.15223228,
 -0.12069234,-0.60217955, 0.39049873,-0.07897581,-0.42783406, 0.01110396,
 -0.35145302,-0.31835211, 0.35358898,-0.78220867, 0.29788972,-0.5750609 ,
  0.31073227, 0.66618092, 0.88973095, 0.51783985,-0.24811443, 0.91184047,
  0.63702178, 0.48838023,-0.13119198,-0.65758462, 0.79561921, 0.67262252,
  0.62828483,-0.36577482,-0.58261443,-0.5400706 ,-0.08172164,-0.57051047,
  0.15385069, 0.4875109 ,-0.14389101,-0.44707526, 0.86458997,-0.64727919,
  0.81118382, 0.89277162, 0.93871151,-0.57968527, 0.09105696,-0.13636239,
 -0.9550817 ,-0.24651003, 0.15856777, 0.5910412 , 0.4271053 , 0.03185687,
 -0.27799075,-0.1400349 ,-0.74663077,-0.29983007,-0.81273942,-0.20140733,
  0.22123608, 0.66428839,-0.63039273,-0.09340904, 0.98553658, 0.55129963,
 -0.04161193,-0.66123387,-0.97551421,-0.19661344, 0.92818676, 0.28813936,
  0.76073361, 0.37322469,-0.37791774, 0.26033181, 0.17223906,-0.8156868 ,
  0.36003295,-0.5062045 , 0.86709791, 0.14498282,-0.42429483, 0.14958743,
 -0.30416135, 0.15297622, 0.57731269,-0.24971341, 0.46417663,-0.86441195,
  0.90128464,-0.3446018 , 0.76074698,-0.92656654, 0.00176247, 0.34732846,
 -0.27130198, 0.63876475, 0.47663067, 0.20349603, 0.0176041 , 0.36603094,
 -0.69098237, 0.32066993, 0.0280693 ,-0.10161307, 0.9366934 ,-0.73355806,
  0.01401963, 0.31626265,-0.04254374, 0.81990206,-0.893903  , 0.89656122,
  0.89423753, 0.53452195,-0.94245979,-0.469689  , 0.2169447 , 0.10610089,
  0.76790116, 0.12976444, 0.49714377, 0.09100589, 0.34613953, 0.28079913,
 -0.79015304,-0.42162114, 0.95353432,-0.99439297,-0.31404919,-0.91568959,
 -0.03520362,-0.36816103,-0.13590893,-0.9808261 , 0.07088636, 0.88466396,
 -0.26918224,-0.15939992,-0.43400831,-0.59257085,-0.65773768, 0.5255927 ,
  0.06112961, 0.26954952, 0.09092645, 0.4525138 ,-0.84334786, 0.24592481,
 -0.43275537, 0.22192029,-0.14717211, 0.21805114,-0.36322393, 0.26901075,
  0.32189478, 0.468339  , 0.35801342, 0.89601735, 0.9502497 ,-0.23912716,
  0.88619997, 0.54254446,-0.83188959, 0.59139443]
[-0.60449862, 0.09474319, 0.17011779,-0.97878403, 0.97793812, 0.03940314,
 -0.85412691, 0.58207465,-0.55696716, 0.99669412,-0.29762069, 0.73404385,
 -0.01771772,-0.489872  , 0.90293697,-0.49416943, 0.12142537, 0.40499328,
  0.96582432,-0.49299324, 0.1643022 , 0.32907669, 0.86057782, 0.11009972,
 -0.86849139,-0.1301597 , 0.65825179,-0.46937276,-0.44981555, 0.62245589,
  0.09991148,-0.92469465,-0.86085166,-0.35973995,-0.67739207, 0.15590599,
  0.14412233, 0.85115958, 0.69466743, 0.18041976, 0.87523915,-0.01759442,
  0.64540296, 0.11767321,-0.53697139,-0.51273925,-0.22121706, 0.94827784,
  0.23428811, 0.3500508 , 0.98138675,-0.0860986 , 0.17761835,-0.73854695,
  0.48737651, 0.90857235, 0.7989082 , 0.05775875,-0.72091599,-0.77728177,
  0.26511829, 0.41121554, 0.98924927, 0.54844605,-0.40594902, 0.53096247,
 -0.95014687, 0.44786335, 0.80872704,-0.04481445, 0.14789475, 0.44063516,
  0.49071537, 0.57563104,-0.59067826, 0.68617014, 0.96357549, 0.43190383,
  0.49178639, 0.00521959,-0.28501091, 0.38357135, 0.27279651, 0.59231531,
 -0.5717164 , 0.72585346, 0.29168551, 0.22336186,-0.58680452,-0.5009315 ,
  0.94556123, 0.25776041,-0.92697741,-0.7389564 ,-0.92360854,-0.40012158,
  0.47443079, 0.26279084,-0.62647284, 0.63027264,-0.33198174,-0.50142748,
 -0.40631327, 0.30101942, 0.60673311, 0.89435753,-0.7254528 , 0.57592029,
 -0.61486791, 0.78657459, 0.16039753, 0.91945947, 0.16271519, 0.65658001,
  0.58763421, 0.46888904, 0.92700918, 0.92749809,-0.10028342,-0.21261885,
  0.8089776 ,-0.240458  , 0.05259294, 0.84260642, 0.55539809, 0.9014551 ,
  0.22459498, 0.9087869 ,-0.63278215,-0.46864215,-0.49018091,-0.60297909,
  0.10079782, 0.35121526,-0.12086574, 0.58798698,-0.71311312, 0.16359514,
 -0.93235738,-0.94124283,-0.58905649, 0.7534332 ,-0.69590999,-0.80408523,
 -0.52779413,-0.96257873, 0.89249965, 0.59414474,-0.30828557, 0.57833368,
  0.15138615, 0.16853625,-0.965352  ,-0.87102471,-0.9601161 , 0.68874437,
 -0.91122054, 0.76746315, 0.75933289, 0.82882022, 0.89124663, 0.24725119,
  0.51901355,-0.38735564, 0.7238368 ,-0.72714478, 0.27116735, 0.01314584,
 -0.34622329,-0.17260412, 0.71230806, 0.69964854,-0.59875746, 0.13074661,
  0.45186216,-0.18241407, 0.66757393, 0.60890275,-0.03349947, 0.40252731,
 -0.69331615, 0.87706548, 0.44737273, 0.32156749, 0.03201854, 0.38500083,
  0.98152193,-0.48059345, 0.2939099 ,-0.3163438 , 0.98347457, 0.77464065,
 -0.46015361,-0.79679323, 0.24928196, 0.6641552 ]
[-0.16291891,-0.98674392, 0.30852777, 0.31337413, 0.9100311 , 0.97135417,
  0.01605557, 0.18786147,-0.64729799, 0.42679621,-0.63959362, 0.37532804,
  0.875178  , 0.95374629, 0.16577343, 0.87611327, 0.31457161,-0.56551623,
 -0.89743001, 0.67055292,-0.01795091, 0.96693006, 0.83046626,-0.77551164,
  0.80968912,-0.40140013, 0.59538778, 0.02116055,-0.09070734,-0.6084537 ,
 -0.04906529,-0.09144351,-0.22136392,-0.27574337, 0.10686608, 0.13830079,
  0.09422043, 0.74564426,-0.1981112 ,-0.89834009, 0.93503242, 0.57910826,
  0.18018979,-0.85585523,-0.70460242, 0.70820477,-0.57373768, 0.61597294,
 -0.22933131,-0.77196629, 0.48857706, 0.95081406, 0.62392782, 0.26036705,
 -0.60347377, 0.31308834,-0.5187226 , 0.159217  ,-0.9446757 ,-0.66474813,
  0.82421411,-0.50775746,-0.48079365, 0.40644655, 0.98373163, 0.54501595,
  0.39132849, 0.79750082, 0.66928087,-0.47026668, 0.01148291,-0.09994624,
  0.6913245 ,-0.53887217, 0.4970425 ,-0.45558409, 0.41890554,-0.38768805,
 -0.15771649,-0.60950908, 0.45844191, 0.15413896,-0.55205044, 0.18550709,
 -0.44260603,-0.16980276, 0.67953959, 0.05362013, 0.08028246, 0.97847718,
 -0.76019132, 0.48291057,-0.41507034,-0.91360931, 0.84695946, 0.28853544,
  0.81775841,-0.56315506, 0.09647494,-0.3699144 ,-0.9760619 , 0.31026054,
 -0.74594883, 0.03242666,-0.01361662, 0.68400181, 0.50914094, 0.91487093,
  0.23225033,-0.95934703, 0.61823592, 0.3061371 , 0.56172413, 0.836207  ,
  0.33296746, 0.83463576, 0.33886445, 0.39093222, 0.17774634, 0.84303328,
  0.13317462, 0.80927573, 0.99356357, 0.51060699, 0.49344995,-0.2462843 ,
 -0.03649182,-0.01557906, 0.10731562,-0.88769964, 0.24356915,-0.73141431,
  0.48309091, 0.22991834,-0.29733753,-0.36141001, 0.03064517,-0.1976119 ,
  0.74860022,-0.81397032,-0.2302502 , 0.8070648 , 0.15313151, 0.71837248,
 -0.66148598,-0.75968887,-0.58710069,-0.27523063, 0.39417729, 0.19375089,
 -0.48346616,-0.47434111,-0.29794658,-0.21231181,-0.75764613,-0.15191256,
 -0.8266684 ,-0.71251924, 0.42303276, 0.17070212, 0.09459458,-0.43734388,
 -0.0415722 ,-0.82122485,-0.85320768, 0.77451458, 0.07765097, 0.15510423,
 -0.06733045, 0.79983333, 0.05503914,-0.31805836, 0.9008154 ,-0.65039857,
 -0.28040315,-0.54876198,-0.38864239,-0.68728673, 0.74490984, 0.54435915,
 -0.26440215,-0.86970707, 0.4282668 , 0.47299918,-0.84092055,-0.2175486 ,
  0.13014758, 0.27140131,-0.81202346,-0.50018178,-0.97694866,-0.317778  ,
  0.8794655 ,-0.5969252 , 0.63175051,-0.98623077]
[-0.75324074,-0.37287648,-0.64096659,-0.37416966,-0.84654151, 0.92815977,
 -0.64065629, 0.85534886, 0.67748585,-0.30822738,-0.09995857, 0.22307994,
  0.73392474,-0.64371538, 0.37189143,-0.09093917, 0.44416453, 0.3232258 ,
  0.49762218,-0.56150786,-0.7009946 ,-0.98857125, 0.36212859, 0.46526569,
  0.01007023,-0.0340345 ,-0.53443879,-0.19941286, 0.82173467,-0.64614761,
  0.68406124, 0.428848  , 0.14097063,-0.28352772, 0.28792337,-0.85562102,
  0.32562176,-0.24296366,-0.761764  , 0.32833486, 0.47569765, 0.06717855,
 -0.18499262, 0.26562244, 0.43863104,-0.03097408, 0.74404956, 0.44378629,
 -0.28521692, 0.73771729, 0.50578445,-0.37918395, 0.85970335, 0.73155272,
 -0.44082878, 0.31592565,-0.40055775,-0.82877491,-0.56635074, 0.52262306,
 -0.7830194 , 0.51083224,-0.5680127 , 0.1061576 ,-0.33927204, 0.31717532,
 -0.00577332,-0.79579496,-0.56531461,-0.97454117,-0.62035321, 0.25625384,
 -0.2076882 , 0.57890554,-0.6034817 , 0.44944798,-0.38349205, 0.78780021,
 -0.91201461,-0.27035502,-0.72533907,-0.06818905, 0.89980671,-0.85912781,
  0.25852595,-0.70661345, 0.48307357, 0.12674634, 0.95125359, 0.38086906,
  0.45881059,-0.84134391,-0.50247   ,-0.52123105,-0.47509672,-0.03949951,
 -0.5940632 ,-0.6326013 ,-0.57346988,-0.61090473, 0.00819227,-0.14476867,
 -0.8140298 ,-0.7937873 , 0.22092855, 0.0147296 ,-0.4532196 , 0.60743431,
  0.75624632, 0.09433878,-0.96031206,-0.01716078, 0.5845554 , 0.2591155 ,
  0.06129722,-0.05286248,-0.08491867,-0.20901812, 0.3461568 ,-0.11696306,
  0.096599  , 0.48824025, 0.80986262, 0.25342698,-0.94847772,-0.88580187,
  0.73546536,-0.28484033, 0.4210195 , 0.18722979,-0.85074729, 0.70451283,
  0.39282649,-0.67796291,-0.89183332, 0.51979707,-0.92925051,-0.51182212,
 -0.19344079,-0.082722  ,-0.44494178, 0.85550213, 0.6882952 , 0.48296962,
  0.94580012,-0.58261675, 0.01737121, 0.51938819,-0.33341551, 0.38577451,
  0.99698558, 0.74512889, 0.14754145,-0.4936825 , 0.24774381, 0.37041276,
 -0.5714708 , 0.41746156,-0.34252972,-0.91324508, 1.00476363,-0.23039469,
  0.89266356,-0.89400957, 0.55920156, 0.17081893,-0.12638801,-0.91163777,
  0.44996675,-0.35849384, 0.22044241,-0.39783674,-0.67140949,-0.75323536,
 -0.97645531, 0.6534902 ,-0.62041757,-0.84111556, 0.71431199, 0.62927648,
  0.60288399,-0.87918702,-0.73448684, 0.63086631,-0.49378386, 0.88679522,
  0.49304063, 0.33308449,-0.8195381 ,-0.43626787, 0.79407678,-0.52220295,
  0.10875647, 0.37517576, 0.09007086,-0.19293335]
[ 0.31284169, 0.49028498, 0.71686942,-0.55741161,-0.98676656, 0.64622154,
  0.10304588,-0.00911753,-0.51476144, 0.97379169,-0.7206906 , 0.31872636,
  0.70689322, 0.90818699,-0.83431107,-0.35422319, 0.2039891 ,-0.61955497,
 -0.37985381, 0.20298862, 0.55163466,-0.52367497, 0.43141493, 0.61596723,
 -0.7898745 , 0.19790729, 0.93251956, 0.87658959,-0.70218746, 0.3350895 ,
  0.93548656,-0.38961401, 0.38583636, 0.92762294,-0.34555782,-0.31207249,
 -0.43840974, 0.04295091,-0.33157199, 0.15493766,-0.17343789, 0.45668043,
 -0.57689738, 0.06584476,-0.20041543,-0.72791926, 0.83364162,-0.32165922,
  0.78481516, 0.40098907, 0.12664584,-0.91520366,-0.22545644,-0.86299119,
  0.63574652, 0.81034708, 0.927618  ,-0.07690724, 0.85026222,-0.67334349,
 -0.1225764 ,-0.79218231, 0.95572569, 0.93537169,-0.65937232,-0.68548535,
 -0.71404707, 0.08881491,-0.742882  ,-0.93599737, 0.52771544, 0.25491319,
 -0.45069077, 0.39596141,-0.45018483, 0.46533674, 0.18124469,-0.14557219,
  0.50187985, 0.40028022, 0.43819344,-0.75717888, 0.53307671,-0.62044711,
 -0.50365692, 0.24918506, 0.19447818, 0.48833148,-0.82644979, 0.253921  ,
  0.49884497,-0.28704513,-0.0176298 ,-0.42198868,-0.74123968, 0.13147291,
  0.77380424, 0.8395615 , 0.91018653, 0.20628097,-0.98889275, 0.60098635,
  0.65673301, 0.2323174 , 0.20049065, 0.66210494, 0.99001947,-0.19111642,
  0.40742686,-0.09562238,-0.42152233,-0.83477402, 0.76453406, 0.14434722,
 -0.81880882, 0.01344496, 0.39049506, 0.86961923,-0.59675961, 0.57864189,
  0.02858748, 0.51810151, 0.08623842, 0.46428475,-0.84706482,-0.39518625,
 -0.97758895, 0.30062327,-0.11845952,-0.0126404 ,-0.4177438 , 0.3508873 ,
  0.924466  , 0.85233776,-0.95537068, 0.51887247,-0.70194192, 0.54678496,
  0.3971434 ,-0.96660748, 0.06370326, 0.28637444,-0.6643886 ,-0.25148917,
 -0.0898799 , 0.34724568, 0.25525933,-0.38911414, 0.3688325 , 0.32608656,
  0.43480248,-0.27304443, 0.58830286,-0.05201468,-0.66322226, 0.96643612,
  0.41801724,-0.60706506, 0.70350285,-0.48626396,-0.84848892, 0.16017232,
  0.85698003,-0.59156249, 0.24469408, 0.79877117, 0.21694668, 0.25756552,
  0.16188279, 0.04929393,-0.19757113, 0.3732289 , 0.9633569 ,-0.43847235,
  0.78433286, 0.33471121, 0.80298777,-0.82969268,-0.50038654, 0.86197584,
 -0.86792456, 0.03591098,-0.58345552,-0.64209719, 0.84605521,-0.36703334,
 -0.1894866 ,-0.16557688, 0.35363938, 0.11925932, 0.88989979,-0.27708904,
  0.99760048,-0.50708306, 0.60818523, 0.98585478]
[-0.59261469, 0.17177365, 0.5724977 ,-0.2047143 ,-0.52684848,-0.66405173,
 -0.42569731, 0.10282168, 0.7953045 ,-0.63275471,-0.98865377,-0.25801763,
 -0.67109331, 0.28490839,-0.53768971,-0.51056892, 0.23847996, 0.67762828,
 -0.74361774,-0.09901835, 0.92748554,-0.28088711,-0.98730655, 0.19447106,
  0.39120135, 0.99462476, 0.7234083 , 0.12020086,-0.36978202, 0.49256501,
 -0.92513596,-0.32279772,-0.35266511, 0.85626566,-0.37223105, 0.80994005,
  0.21021809,-0.58460486, 0.66318972, 0.18251606,-0.66218144, 0.19925012,
 -0.67614996, 0.5117157 , 0.89722417,-0.98821624,-0.66458044,-0.00946784,
 -0.10430929,-0.79027258,-0.01428451,-0.88080445,-0.69808793, 0.52394665,
 -0.91767379,-0.01809078,-0.22676443, 0.08183045,-0.80476763, 0.7174591 ,
 -0.89766137,-0.46172605, 0.71864761, 0.88699364, 0.98756485, 0.01702861,
  0.23332793,-0.76838042,-0.71614128,-0.55555503, 0.72517417,-0.6731682 ,
 -0.85750304,-0.62202877,-0.32166119,-0.98283649,-0.48834104,-0.1027268 ,
  0.29696781, 1.00088277, 0.82156276, 0.7409365 ,-0.89807874, 0.17874607,
 -0.80372614, 0.60711066,-0.21032558, 0.59754984, 0.4262111 ,-0.14407795,
  0.26824966, 0.67390804, 0.93316587,-0.15995398, 0.2619579 ,-0.01185959,
  0.77935547,-0.56428   , 0.36728596, 0.15515331,-0.35366067,-0.79481702,
 -0.64456945,-0.53128726,-0.04011952,-0.35838002, 0.10059156, 0.84928362,
 -0.4162019 , 0.60318305,-0.34277256, 0.5550167 , 0.70054866, 0.57984656,
  0.45825705, 0.67294826,-0.64069651,-0.51500866,-0.57002715,-0.05336986,
 -0.95423563, 0.31401621,-0.38077076,-0.14046772,-0.20188321,-0.40985735,
 -0.40406832,-0.02746282,-0.8547087 , 0.49990838, 0.70210144,-0.03306576,
  0.67852668,-0.49268815,-0.64007013,-0.4000928 ,-0.95318982,-0.88551876,
 -0.19496094,-0.97340392,-0.66784058, 0.75974785, 0.98293775,-0.0187894 ,
  0.48513015, 0.05491039,-0.42490857,-0.69827964, 0.77241575,-0.81767995,
  0.86461642,-0.61071754,-0.13405006, 0.47875669, 0.80184011, 0.33272318,
 -0.6767203 , 0.32911713,-0.90598432,-0.55387684, 0.56926448, 0.04578595,
 -0.52604017,-0.46944129,-0.4476474 ,-0.9774075 , 0.60960639, 0.62141644,
  0.86858331, 0.79046713,-0.9512853 ,-0.96194581,-0.06691698,-0.07047077,
  0.90227598, 0.66918787, 0.65569996,-0.75609907, 0.7356118 ,-0.70843235,
 -0.30823464,-0.89071134,-0.48255414,-0.34836041, 0.20831264,-0.52944941,
  0.05696775, 0.57809032, 0.5007986 ,-0.37172619, 0.23804354,-0.9097831 ,
 -0.84922735,-0.9613316 , 0.35172496, 0.22460054]
[ 0.94930332, 0.10925614,-0.45879537, 0.0472764 ,-0.46551551, 0.96351227,
  0.32327336, 0.20159752, 0.1768157 , 0.92874744, 0.62162733,-0.258955  ,
  0.11727793, 0.88421294,-0.2003006 , 0.53602499, 0.27492516, 0.17609768,
 -0.16508511, 0.29846095,-0.08949482, 0.20327126, 0.87489271, 0.68533453,
  0.73040683,-0.64359761, 0.2212218 ,-0.14414537, 0.84045375,-0.62638917,
 -0.00365119, 0.25006957,-0.51145365, 0.93210769,-0.96467916,-0.83302756,
  0.7028387 , 0.72031615,-0.9120413 , 0.17012744, 0.88597124, 0.26084829,
 -0.64989387, 0.58720779, 0.60982719,-0.77763016, 0.53797132, 0.46136529,
 -0.36216467,-0.87495022,-0.36145973, 0.42920513,-0.96264269, 0.26656971,
  0.61763127, 0.10539259,-0.22576595,-0.37896134, 0.63985264,-0.45085324,
 -0.61976509, 0.97198634,-0.36217635,-0.08229259, 0.63946292,-0.61611504,
 -0.13052791, 0.38942154,-0.60006098, 0.60747749, 0.87089054,-0.9198212 ,
 -0.94661573,-0.21041187,-0.83731137, 0.32608002,-0.27492256, 0.49709086,
  0.72803723, 0.35183695, 0.44731516,-0.59711049,-0.7974705 ,-0.60590698,
 -0.58022276,-0.39060798,-0.87339268,-0.3623167 , 0.61412595, 0.50870858,
  0.33365326,-0.72674221,-0.87026074,-0.59267289,-0.82718849, 0.11510284,
 -0.03016385,-0.83390129,-0.0974632 , 0.41474623, 0.12485503, 0.78865839,
 -0.78254727,-0.89611922,-0.2567629 , 0.87580406,-0.51608465,-0.29207711,
 -0.57201823,-0.53842081, 0.32710101, 0.76452855, 0.45983479, 0.80961695,
 -0.61762508, 0.30679398, 0.13387649, 0.10216157, 0.82735238, 0.27813772,
  0.38206336, 0.57705333, 0.40583052, 0.07109635, 0.41523064, 0.17988813,
 -0.38068287,-0.63409489,-0.73672174, 0.03488816,-0.24750682,-0.080307  ,
  0.9590619 , 0.40400945, 0.6422098 ,-0.4668009 , 0.8025211 ,-0.63032481,
  0.91515107,-0.14010557, 0.95427882,-0.81284738,-0.27633292, 0.43403179,
 -0.17842263,-0.93082895, 0.72641249,-0.34032359, 0.18927205, 0.51368106,
  0.91957714,-0.06649763, 0.60135286,-0.83311591,-0.48961136,-0.22798647,
 -0.30063375,-0.51588735, 0.89981846,-0.85189223,-0.28175322,-0.59530317,
  0.39094332,-0.53449745, 0.8845462 , 0.36791897, 0.05241414, 0.08665292,
 -0.51770557,-0.64607789, 0.31116514,-0.52532198, 0.65590174, 0.312197  ,
  0.33471143, 0.51083407, 0.15960857,-0.82619315,-0.90463467,-0.49100155,
 -0.84129871,-0.38131266, 0.16377281, 0.02463728,-0.58156868, 0.91256967,
  0.40117284,-0.70510307,-0.60629467, 0.32188693,-0.78938751,-0.53091103,
  0.45645646,-0.64050779, 0.00929306, 0.49244223]
[ 0.32508264, 0.03892196,-0.98691516,-0.33448758,-0.02929497, 0.01641843,
 -0.19504208, 0.3419122 , 0.45250088, 0.33135789, 0.42415541, 0.65886865,
 -0.1009854 , 0.5185087 ,-0.34005834,-0.70051904,-0.55049391, 0.59582041,
 -0.72550985,-0.05477796, 0.28140111,-0.70988758, 0.47284008,-0.76958104,
 -0.72596694,-0.7774535 ,-0.11984771,-0.93029631,-0.14914087, 0.77210953,
 -0.72051658, 0.01968884, 0.28933718, 0.23092976, 0.41089657,-0.3373757 ,
 -0.23890489, 0.31004199,-0.43199471,-0.7194555 ,-0.540711  , 0.4365315 ,
 -0.34147007,-0.91926648, 0.86312491,-0.00539705,-0.00364275, 0.91570839,
 -0.76443235, 0.48259278,-0.56201975, 0.74876495,-0.25558884, 0.92868874,
 -0.27503497, 0.27778923,-0.2433887 , 0.97572318,-0.80101984, 0.43224048,
  0.94066532,-0.87079872,-0.22830991,-0.56031002,-0.65303988,-0.00743815,
 -0.51957429, 0.76351528,-0.53451031, 0.12094998, 0.81874184, 0.80877164,
  0.71622955, 0.90137064,-0.09051244,-0.70188671,-0.72757678, 0.11756419,
  0.24270738,-0.80416972,-0.13257763,-0.06999039, 0.52954274,-0.62159708,
 -0.19337715,-0.78200942,-0.36391149,-0.7675478 , 0.91472796,-0.28077894,
  0.23071033, 0.98267984, 0.65300834, 0.10836106, 0.19724204,-0.10191301,
 -0.1073567 , 0.57895259, 0.31669226, 0.45167547,-0.349371  ,-0.07140595,
  0.3057993 ,-0.13370985, 0.45497289, 0.6020699 , 0.22043634,-0.81730645,
 -0.89294636, 0.33141039, 0.99474111,-0.45201694,-0.44986827,-0.28091806,
 -0.37710471, 0.6638403 ,-0.80710882, 0.8003148 ,-0.32074259, 0.11286243,
 -0.26379781,-0.71379643, 0.08492095, 0.38225474,-0.94039935,-0.93939946,
  0.85801287, 0.86479021,-0.7838063 ,-0.37289509,-0.42708325,-0.85033787,
  0.50270985, 0.88987474, 0.11634852,-0.92065098,-0.62909899, 0.02218329,
  0.65591343, 0.7472308 ,-0.15494917,-0.68751366,-0.75403114, 0.54823981,
  0.76393783, 0.30940806, 0.89104249, 0.94960802, 0.82998034,-0.58107345,
 -0.42387144, 0.98365231,-0.01184615,-0.62784942, 0.60234983,-0.52166277,
 -0.93891168,-0.78401481, 0.5047469 ,-0.37874444,-0.80523505, 0.41420374,
  0.13535914, 0.96229002,-0.75919908,-0.77743223, 0.37065578,-0.20659146,
 -0.23859492, 0.28313521,-0.59229638, 0.68425953,-0.8856895 , 0.24041343,
  0.51921288, 0.84208872, 0.35473322,-0.11916438,-0.40347407, 0.21233623,
  0.20327999,-0.92573694,-0.40474994, 0.15170413,-0.88187953, 0.15733682,
  0.82018043,-0.56760465,-0.10706065, 0.44290354,-0.71214748,-0.08097124,
 -0.92635477,-0.63312447,-0.04940159, 0.119138  ]
[-0.30015475,-0.1784965 ,-0.84456519, 0.69999882, 0.52135924, 0.42061016,
 -0.62243393,-0.09666316,-0.4144428 , 0.25121053, 0.93365001,-0.55152196,
  0.05231959,-0.5177059 ,-0.2627797 , 0.20966528, 0.73811325,-0.66150974,
 -0.93046578, 0.60682772, 0.03897311,-0.48167505,-0.56102027,-0.91656585,
 -0.69371944, 0.63577909, 0.0407908 ,-0.25968256,-0.211631  , 0.6060073 ,
  0.74272877,-0.16123206,-0.97849454, 0.71798686,-0.0642448 , 0.21940258,
 -0.98820232, 0.54534746, 0.23449452, 0.30394255,-0.26711653,-0.86400251,
 -0.25525969,-0.79843694, 0.80792423, 0.06607684, 0.57627561,-0.19907229,
  0.79123595, 0.46747913,-0.59593342,-0.17057625, 0.06239047,-0.33686462,
  0.90416851,-0.18060435, 0.32210136, 0.11857825,-0.86982659,-0.19753145,
  0.13174349,-0.29264273, 0.40672535,-0.7709154 , 0.9021501 , 0.14771328,
 -0.23340221, 0.00693332,-0.78382017,-0.41417548, 0.36499652,-0.69025963,
 -0.83039055, 0.19095636, 0.02377232, 0.55349434,-0.35772219,-0.17224837,
  0.62419942,-0.83436823,-0.09283961, 0.71509037,-0.65934313, 0.30844624,
  0.22020498, 0.73174523,-0.61261474, 0.98923586, 0.26258166, 0.67667416,
 -0.92772998, 0.80936665,-0.13920072, 0.43057692, 0.10284094, 0.10543404,
  0.11607205, 0.19694162, 0.25936538, 0.83284115,-0.62496965,-0.66076931,
 -0.81064783, 0.07484853, 0.84714567, 0.37934317, 0.29501881, 0.95163022,
 -0.6471458 , 0.76587313, 0.65646463, 0.11138544,-0.09537298,-0.21970423,
 -0.47825873,-0.40065554,-0.50428233,-0.37449303, 0.4750919 , 0.54019766,
 -0.46862847, 0.54351477,-0.33254928, 0.7714049 , 0.18229708, 0.23836783,
  0.26403662, 0.47570244, 0.89518524, 0.43043551,-0.58311927,-0.36034744,
  0.45974912, 0.60615033,-0.3392166 , 0.69889239, 0.17338944,-0.0693527 ,
 -0.67080239, 0.44315191, 0.73289993,-0.58875432, 0.5988676 , 0.52563163,
  0.94328525, 0.83592971,-0.1951821 ,-0.48892306, 0.47614012, 0.75557148,
 -0.71085958, 0.23577158,-0.03242717,-0.47209478,-0.89799192, 0.10855156,
 -0.19822139,-0.17637907, 0.4099534 , 0.00852264, 0.8504416 ,-0.80260208,
 -0.46448755, 0.04946603, 0.76273176, 0.63625677,-0.32155074, 0.89657399,
  0.4879721 ,-0.24954574,-0.08145852,-0.10626182, 0.94825881, 0.6655372 ,
  0.49714355, 0.63741729, 0.08477267, 0.76083361, 0.99115001,-0.83815268,
  0.69442821, 0.07398023, 0.98532775,-0.40419994,-0.56804402,-0.6044028 ,
 -0.11405011,-0.99261754, 0.88196025,-0.1212537 , 0.48343759, 0.62240578,
 -0.49298006, 0.89616716,-0.98788689, 0.51815835]
[ 0.75193922,-0.36964117,-0.01574299,-0.47540962,-0.1115702 , 0.48096567,
  0.58234439,-0.41198617,-0.21836886,-0.88549874,-0.442007  , 0.12479633,
  0.12069676,-0.54166854, 0.74253227,-0.85472967,-0.46899249, 0.2441467 ,
  0.55569966, 0.25683397, 0.13318173, 0.3761652 , 0.77091601, 0.30787151,
  0.59881957,-0.24888417,-0.42211945,-0.8549907 ,-0.5978983 , 0.74859355,
  0.6573506 , 0.97692807,-0.54388564,-0.332426  , 0.99612848, 0.76922098,
 -0.32811812, 0.87035023, 0.3424768 ,-0.8442627 , 0.76755439, 0.94465161,
  0.98160424, 0.15232543, 0.50198332,-0.41890408,-0.85879382, 0.03489087,
 -0.73674315,-0.15775983, 0.94109471, 0.66373301, 0.59554182,-0.10146861,
  0.5339188 , 0.43292395,-0.90066189, 0.44028757,-0.35530854,-0.27809407,
 -0.18544049,-0.8817856 ,-0.78106471, 0.72949173, 0.80702762,-0.46304846,
 -0.69337975, 0.55687553, 0.94573581, 0.39499569,-0.19373602,-0.73506426,
 -0.49521452,-0.38741202,-0.38639111,-0.54232097,-0.12068964,-0.77068587,
 -0.82705639,-0.65854885,-0.76979802, 0.62915934, 0.79762989,-0.35472565,
  0.85070279,-0.38750075, 0.53593281, 0.43230551, 0.14083814,-0.49073581,
 -0.96448695, 0.59945513, 0.0045362 , 0.45680967, 0.12982774,-0.73851403,
  0.8805187 ,-0.20182347, 0.56288402,-0.84250859, 0.93402339,-0.05140021,
 -0.75808294,-0.35501501,-0.67479271, 0.06241489, 0.80260838, 0.34344086,
 -0.81442344,-0.37181429,-0.31217153, 0.22318955,-0.99233904, 0.04390945,
 -0.02984057, 0.17486519, 0.51998996, 0.34172584,-0.64004041,-0.98828006,
  0.95654737, 0.81256963, 0.94026919,-0.92238956,-0.67458604,-0.62576657,
 -0.44281612, 0.60319485, 0.85017969, 0.51359883,-0.47660215,-0.82890499,
  0.03107107,-0.42819906, 0.40157559, 0.57605064, 0.97074926,-0.83649323,
  0.31782912,-0.52918126, 0.53402566, 0.54349401,-0.14491231,-0.71101557,
 -0.867894  , 0.09533054,-0.92331135, 0.3037112 , 0.65850648,-0.72092261,
 -0.10573396, 0.13905693,-0.93990861,-0.30049492, 0.01170712,-0.93510824,
 -0.68226055, 0.03479583, 0.84905926, 0.90367797,-0.62804113,-0.78542643,
 -0.56829013,-0.87911621,-0.91705912, 0.28618313, 0.89404547, 0.31023566,
 -0.28898469, 0.6998471 ,-0.85788238,-0.26846562, 0.02410834,-0.43884812,
  0.80700636,-0.77460057, 0.05272609, 0.59404747,-0.71369807, 0.91833859,
 -0.86133699, 0.28840921,-0.83654374, 0.50757766, 0.46041908,-0.53143642,
 -0.78818017,-0.98448713,-0.70498069,-0.28461631, 0.06047999, 0.10592322,
  0.0016384 , 0.86494275,-0.81150439, 0.7647145 ]