NN RHC lr=0.01 decay=.9

        1 layer, 4 hidden nodes  
        clip max  = 50 
        activation = relu 
        max iters = 1000
        learning rate = 0.01
    
train accuracy: 0.5982765695527288, 0.5092326631103816, 0.5866502530433593, 0.4293530296813021, 0.4121187252085898, 0.2582410067022295, 0.5369990425386404, 0.5653125427438107, 0.5746135959513062, 0.42894268909861855
train acc mean: 0.4899740117630967
train acc std: 0.10181311279921632
test accuracy: 0.5928659286592866, 0.4907749077490775, 0.6125461254612546, 0.44526445264452646, 0.46002460024600245, 0.2656826568265683, 0.5424354243542435, 0.5694956949569495, 0.5584255842558425, 0.4268142681426814
test acc mean: 0.49643296432964334
test acc std: 0.09805474139318668
loss: 0.7353873068658581, 0.7735267240909296, 0.7001921311748996, 1.081283065924097, 0.919844028326106, 0.8404880831920115, 0.7914632266652457, 0.9646031368419483, 0.8951881754832387, 0.9268308271280742
fitted weights: 
 [ 3.86245402e-01,-8.12457998e-01,-6.23798828e-01,-1.96928879e-01,
 -8.36959546e-01,-8.44547266e-01,-9.46059169e-01,-1.56410724e-02,
 -7.38283477e-01, 5.59256671e-01,-4.86484333e-01,-3.01511004e-01,
  2.40685633e-01, 7.26239317e-01,-8.32239189e-01, 5.59212892e-01,
 -5.54495736e-01,-7.21226469e-02,-6.06146431e-01, 6.19925237e-01,
  7.48571042e-01,-1.20282833e-01, 3.39960336e-01,-4.97268493e-01,
 -1.01299658e+00, 8.09379052e-01, 5.87721003e-01,-8.42173452e-01,
  2.33070543e-01,-7.93791356e-01,-5.31903350e-01, 8.67609122e-02,
 -8.34417003e-01, 6.70696008e-02,-5.89987439e-01,-1.34538229e-01,
  5.14383841e-01,-3.57129168e-02,-2.62964087e-01,-1.42307909e-01,
  1.44706069e-02,-3.07866894e-01, 2.10557459e-01, 4.49776589e-01,
 -7.36352127e-01,-9.98468000e-01,-6.69090816e-01, 8.12143624e-01,
  2.21120413e-01, 9.49938092e-01,-3.13741154e-01, 3.71014321e-01,
  1.83872720e-01, 9.65754336e-02,-5.16747149e-01,-1.43374290e-01,
 -4.34853666e-01,-1.30762911e-01, 1.84097645e-01, 9.05604157e-03,
  4.76440740e-01, 5.45523190e-01,-3.63250972e-01, 4.61064673e-01,
 -4.21150154e-01, 4.58520135e-01,-8.32998631e-02, 4.17788368e-02,
 -3.50920454e-01,-5.88486249e-01, 8.18713317e-01,-8.08524777e-01,
 -4.00882622e-02, 3.97159030e-02, 2.53818444e-02, 3.86516715e-01,
  5.74409850e-01, 6.78497138e-01,-4.14508836e-02,-7.53307339e-01,
 -3.66080937e-01,-3.53201287e-01,-8.94588908e-02,-1.29705294e-01,
 -7.23539345e-01, 3.32902208e-01, 4.09914007e-01, 6.91879640e-01,
 -9.45027413e-01,-4.06690933e-01,-2.82638728e-01,-6.30569218e-01,
 -6.47604425e-01,-5.07520235e-01,-6.41076874e-01,-7.22704513e-01,
  2.90786342e-01, 1.91548227e-01,-8.74317739e-01, 9.73465493e-01,
  5.18812524e-02,-5.41325969e-02,-6.11095634e-01, 7.97249578e-01,
  8.61401319e-01, 6.34922190e-02,-6.48988703e-01, 3.31265380e-01,
  5.14595680e-01,-6.08865485e-01,-8.42860074e-01, 2.45927660e-01,
 -4.62966864e-01, 4.53566056e-02,-5.42490420e-02, 1.68532335e-01,
 -7.26700346e-01,-4.39236072e-01, 1.58521655e-01, 1.89514009e-01,
  8.54756572e-01, 2.31158756e-01, 7.28374543e-01,-1.61371164e-01,
  7.95550814e-01, 2.22013508e-02, 6.96842777e-01, 6.00293688e-01,
  3.78468166e-02,-3.99638378e-01, 5.70045036e-01, 1.76867806e-01,
 -1.19145547e-01,-6.76450968e-01, 2.15650327e-01,-9.30327351e-01,
 -2.45392611e-02,-1.25580604e-01,-7.48784634e-01,-3.80328329e-02,
 -1.42729601e-01,-2.88104210e-01,-4.95409186e-01, 5.40387788e-01,
  6.00036901e-01,-4.19726794e-01, 4.10365374e-01,-2.71443649e-01,
 -3.55138244e-01, 8.02354102e-01,-9.66556600e-01, 7.92232583e-01,
 -4.82819730e-01, 5.67484136e-04, 8.71523335e-01,-2.20164328e-01,
 -7.58425577e-01,-9.50816870e-01, 6.79205845e-01,-8.23430271e-01,
  1.49497609e-02, 5.20221649e-01,-2.75923150e-01,-4.83691170e-01,
  5.80622446e-01, 9.84357339e-01,-2.21933751e-01,-1.41421062e-01,
  5.38594355e-01,-4.68990894e-01,-9.86501809e-01,-1.13380895e-01,
  9.92607846e-01, 1.62740022e-01,-9.34172789e-01, 8.15727519e-01,
  8.62439928e-01,-2.98636896e-01,-3.35348762e-01, 7.66272471e-02,
  9.82474208e-01,-6.49088731e-01,-8.31939625e-02,-7.26680923e-01,
  6.55821033e-01,-1.46462647e-01, 7.92522847e-01,-5.98744091e-01,
  7.81932173e-01,-5.26673465e-02,-4.27607737e-01,-1.97462259e-01,
 -6.39503729e-01, 7.12453576e-01,-5.85611640e-01,-2.66619719e-01]
[-0.78292216, 0.79486768,-0.19404995,-0.39012503, 0.87653971,-0.58905577,
  0.70361711, 0.69833358,-0.11908807, 0.94666537,-0.05252475,-0.8188436 ,
 -0.30596703,-0.22749938, 0.70759779, 0.35198422, 0.47406698,-0.76784028,
  0.19987844, 0.79523113, 0.33957594,-0.4684569 , 0.94346637,-0.65043249,
 -0.44347983, 0.70286259,-0.04718686, 0.82760889,-0.64472388, 0.54401242,
 -0.68435013, 0.69146762, 0.96780884,-0.00369353, 0.68834378, 0.73666019,
  0.60396524,-0.70494236, 0.66213376,-0.3752029 ,-0.47753726,-1.011037  ,
  0.85567575,-0.61531793,-0.1057775 ,-0.62223658,-0.45271614, 0.34625838,
 -0.8696026 ,-0.11961373, 0.41509388,-0.3959676 , 0.19781775, 0.81299569,
  0.40515411,-0.8520229 , 0.32651067, 0.48243427,-0.23559707, 0.50205988,
  0.41804465,-0.31538335,-0.56202402, 0.84891197, 0.69650425, 0.72542108,
  0.27576177,-0.7086458 , 0.23326382, 0.92164715,-1.02489563,-0.84890612,
 -0.77663536,-0.8023841 ,-0.49097072, 0.34629346,-0.67243105, 0.13351442,
  0.58513931,-0.85990665,-0.02579489, 0.31454769, 0.83339844,-0.84563881,
  0.06514808, 0.91176686, 0.59497972, 0.26717875,-0.8922726 ,-0.70490358,
 -0.92657984, 0.85481732,-0.86839679,-0.25303221, 0.60829106, 0.410615  ,
 -0.37825148, 0.41403846,-0.26909604, 0.50997665, 0.5900356 ,-0.04648569,
  0.54709631, 0.36529887, 0.65662021, 0.57898599, 0.98822749, 0.24293556,
 -0.20808681, 0.93172617,-0.18699036,-0.88554719, 0.54689186,-0.10229407,
 -0.73356246,-0.36263873,-0.60664599, 0.95538062, 0.96411629, 0.69211136,
  0.45175031,-0.72143579, 0.35124327,-0.63561086, 0.84993059, 0.01251981,
 -0.70300659, 0.97078043,-0.07653736,-0.38265889,-0.3034558 ,-0.78194095,
  0.53938473, 0.71883614, 0.60875842,-0.83098301,-0.17497304, 0.20555966,
  0.22546976, 0.8337412 , 0.53089059, 0.55782483,-0.46280202, 0.43695612,
  0.94343648, 0.60068771,-0.71409791,-0.61515672,-0.02644612, 0.08735497,
 -0.27826962, 0.3648923 ,-0.21414499,-0.30501638,-0.8240421 , 0.90870218,
  0.34366257, 0.22221912, 0.12334326, 0.13875816, 0.41217618, 0.64837515,
 -0.57091466, 0.62460079, 0.02676149, 0.74464934,-0.2426458 , 0.88762049,
 -0.13458941,-0.04968377,-0.06173064,-0.54359407, 0.51308202, 0.44894291,
  0.31621646, 0.40777097,-0.4260832 , 0.73395041, 0.7576005 ,-0.69412536,
  0.53848019, 0.0770906 ,-0.50467506,-0.23826191, 0.94643936, 0.27961716,
  0.06833733, 0.3949847 , 0.26849571,-0.38916585, 0.81516745,-0.50550023,
  0.40806192,-0.48553255, 0.30285177,-0.77607836]
[ 4.83322445e-01, 9.70367177e-01, 4.65850873e-01,-8.60825002e-01,
 -6.17807857e-01,-1.86312076e-01,-2.99602514e-01,-8.33004417e-01,
 -3.60860493e-01,-8.08617677e-01, 7.97312359e-01,-2.44288007e-01,
 -6.19124936e-01, 4.91426535e-01, 3.28260578e-01,-4.38810009e-01,
  8.41536013e-01,-6.71575165e-01,-5.33540078e-01,-3.30157077e-04,
  2.15309611e-01,-6.23291245e-01, 2.67389861e-01, 9.73084467e-01,
 -3.95250320e-01,-5.67614603e-01, 3.18915640e-02,-3.30728083e-01,
 -2.80285921e-01,-4.86225153e-01,-1.58168876e-01, 1.18490774e-01,
 -9.96356189e-02,-8.31724329e-01, 1.61298161e-01,-3.86339505e-01,
 -3.41771152e-01,-4.90825877e-01, 1.36837300e-01,-1.81275118e-01,
 -7.14366048e-01,-6.21825295e-01, 1.06373690e-01, 9.06637706e-01,
  8.34638554e-02, 5.46658672e-01, 9.74989750e-01,-8.22064941e-01,
 -9.31469457e-01, 9.30116438e-01, 8.61936530e-01,-3.64805160e-01,
 -5.58777390e-01, 1.02863622e+00, 3.45995120e-01, 1.55855467e-01,
  6.88192806e-01,-4.66907609e-01,-7.09229399e-01, 2.67717209e-01,
  5.19133256e-01,-6.05362579e-01, 3.67897394e-01, 7.47557257e-01,
 -1.66380846e-01,-5.98503104e-01, 3.30452208e-01, 8.28050836e-01,
 -1.47035369e-01,-2.40643119e-01, 1.44477024e-01, 6.96030230e-01,
 -3.19956720e-01, 2.29875188e-01,-2.03443212e-01,-4.03594278e-01,
  3.50375324e-01,-6.20708158e-02, 1.65043785e-01, 8.87089819e-02,
  9.06372976e-01,-5.70446303e-01, 5.86074758e-01, 1.98978382e-01,
 -3.20588599e-01, 6.85153792e-01, 1.08263650e-01, 1.72903877e-01,
  8.69808370e-02, 8.80534907e-01, 2.66326905e-01, 7.01782210e-01,
  1.94082026e-02,-3.99468670e-01,-6.33249343e-01, 8.77103666e-01,
  2.82020368e-01,-3.75601824e-01, 2.27738483e-01,-1.00160357e+00,
  1.48545814e-02, 5.77741512e-01, 1.42598991e-01,-8.18241868e-01,
  4.66853576e-01,-3.42260491e-02, 4.64101217e-01,-4.48242409e-02,
 -5.97845595e-01, 8.82240744e-01,-7.39732453e-01,-9.62114953e-01,
 -8.72345109e-01, 4.46916293e-01,-4.15633212e-02,-3.05341595e-01,
 -5.53269664e-01, 8.32626291e-01, 8.72594724e-01, 6.73475323e-02,
 -1.59296431e-01,-5.88417548e-01, 2.09187491e-02,-9.05998777e-01,
 -7.18822191e-01,-8.88720774e-01, 2.57645957e-01,-4.66782608e-02,
  8.23488383e-01,-9.74357233e-01, 6.43847320e-01, 7.68571645e-01,
 -4.24774691e-01, 7.59470842e-01,-2.79720640e-01,-5.86808479e-01,
 -5.29609592e-01, 8.61340534e-01, 2.91137002e-01, 7.14587793e-01,
  1.68942106e-01,-2.27367176e-01, 5.87301900e-01, 8.58807368e-01,
  8.68505349e-01, 5.27280773e-01, 5.74736009e-01,-8.13370182e-01,
 -5.95857573e-01, 6.69806285e-01,-2.50124472e-01, 1.74012262e-01,
 -5.23649966e-02,-7.09181134e-01, 2.37105324e-01, 8.08070017e-01,
 -8.16266352e-01,-6.87172683e-01,-1.26639675e-01, 1.48680853e-01,
 -9.63667709e-04,-5.69368467e-01,-5.23453511e-01,-3.82952931e-01,
  5.99968363e-01,-2.88549596e-01,-6.47121854e-01, 8.41018445e-01,
 -7.16830793e-01,-2.12350659e-02, 8.84033484e-01, 3.54672827e-01,
  1.74424939e-01,-4.87002557e-01, 1.12299386e-01,-8.55703141e-01,
  2.20962225e-01,-1.48855055e-01,-8.30219760e-01, 4.72478308e-01,
 -1.56399233e-01,-1.32567623e-01,-1.57545785e-01,-2.08902628e-01,
 -3.19736591e-01, 4.67770873e-01, 2.88435565e-01,-9.62879931e-01,
 -1.10116682e-01,-8.05256118e-01,-3.58958060e-01, 2.81984025e-01,
 -8.36649604e-01, 2.30018178e-01,-9.94153964e-03,-5.32479257e-01]
[ 0.4108738 ,-0.06139269, 0.89509126, 0.78213829,-0.64744615, 0.88798095,
 -0.09400738,-0.84238624,-0.29981161, 0.36895525,-0.72604526, 0.79683157,
 -0.00454113,-0.73057849, 0.01473034,-0.62417284,-0.61765302, 0.18057269,
  0.08566379, 0.2655093 , 0.24260229,-0.28751659, 0.17163929, 0.50419927,
 -0.39116418, 0.03167092, 0.7491568 , 0.25199291,-0.03331673,-1.0285246 ,
 -0.44910561, 0.28495775, 0.2228931 ,-0.92712022, 0.18689668, 0.37991696,
 -0.3823946 , 0.56419339, 0.35284948,-0.53701552, 0.2916615 ,-0.61079469,
  0.64852218,-0.79659928, 0.40701707,-0.08331799, 0.42310328, 0.53928233,
  0.99991647,-0.37384621, 0.47793062, 0.62095256, 0.23396524,-0.32614991,
  0.36487546,-0.7910146 ,-0.19192884,-0.61385777,-0.89484766,-0.08513225,
  0.12433448,-0.65162659, 0.64612111,-0.16117292, 0.88727627,-0.0998672 ,
  0.2411896 , 0.48054268,-0.364538  ,-0.05070753,-0.28297071,-0.55174317,
  0.66547014,-0.56616227, 0.41256213,-0.58835376,-0.18268133, 0.09198471,
  0.22113774, 0.95728837,-0.44726215,-0.92296762, 0.26517379,-0.44471731,
 -0.72405498,-0.10497054,-0.98188195, 0.94161028,-0.01053676,-0.02941765,
 -0.72810598, 0.88132782, 0.04943586,-0.65935704, 0.98996657, 0.80470944,
  0.8440646 , 0.74487639, 0.43020436,-0.16788993, 0.40325047, 0.13178283,
 -0.04500357, 0.67934223, 0.6047527 , 0.26597154, 0.75569087,-0.1362959 ,
  0.7151143 ,-0.74790185,-0.34910072,-0.79454918, 0.19911008, 0.86753142,
  0.59724004,-0.66258742, 0.15374961,-0.5186742 ,-0.74657769, 0.75409698,
 -0.15012303, 0.99766118, 0.70909065,-0.31185628,-0.98891122,-0.64795783,
  0.07950989,-0.20830798, 0.3581679 ,-0.38619963, 0.72601798,-0.00889139,
  0.85449282, 0.15947724, 0.29469861,-0.60186501,-0.75610336, 0.66873355,
 -0.8950481 , 1.00433252, 0.83894858, 0.99142839,-0.21958416, 0.88400913,
 -0.23181777, 0.23086858,-0.08927556, 0.7245904 , 0.93583053,-0.91725528,
  0.34371067, 0.3117435 , 0.00320457, 0.86620016, 0.37017938,-0.57093825,
 -0.84957746, 0.41428238,-0.61067694, 0.20776843,-0.27133248,-0.79712253,
  0.89422833, 0.46963153, 0.35529068,-0.4716138 ,-0.71255982, 1.01297328,
 -0.98317152,-0.33229645,-0.13451681,-0.56424794,-0.82243711, 0.56069168,
 -0.85281333, 0.53856933, 0.71264069,-0.81077945, 0.79619319,-0.94551064,
 -0.35065326,-0.46500695, 0.62116335, 0.33078153,-0.05841594,-0.06818622,
 -0.80255314,-0.04223833,-0.72908921, 0.54822157,-0.92575005,-0.73489336,
  0.1593088 , 0.69583298, 0.52103134,-0.08690946]
[-0.34545083,-0.87062036,-0.76617465,-0.88194174,-0.532441  , 0.30337303,
 -0.01648975,-0.79256542,-0.08725923,-0.06067253, 0.57593296,-0.11616892,
  0.64559601,-0.77249348, 0.92768948,-0.22549287,-0.12051786, 0.11266054,
 -0.32510946,-0.39509914, 0.76334294, 0.62418698,-0.31541191,-0.83875399,
 -0.35652539, 0.4219182 , 0.18066073, 0.90981852,-0.41572169,-0.73703902,
 -0.77895478, 0.6691082 , 0.13143659, 0.12461276, 0.33927476, 0.43096573,
 -0.83893214, 0.83834022,-0.44358817,-0.40618497,-0.47700583, 0.31185081,
 -0.22128282,-0.15110906, 0.97598753, 0.8720744 ,-0.88106777,-0.47835826,
 -0.06438271, 0.95712902,-0.31409337, 0.62689131, 0.61983851, 0.30027217,
  0.09770027, 0.73416314, 0.82078433,-0.88756001,-0.68235458,-0.10893992,
 -0.93903706,-0.06277601, 0.00161712,-0.23031364,-1.06317173, 0.74132234,
  0.12197257,-0.5999144 , 0.55388595, 0.04729874, 0.49042891, 0.60937313,
  0.88841312, 0.29002935, 0.30406621,-0.41896749, 0.01819952,-0.66853456,
  0.84108151, 0.85980962,-0.54572587, 0.29040586,-0.04286597,-0.11315619,
 -0.65061068,-0.16671251, 0.67536164,-0.87305391, 0.10545392, 0.72616658,
  0.45869396,-0.29355111,-0.26911167, 0.1199734 ,-0.18677999,-0.29522057,
  0.94771828,-0.37981813,-1.01131194,-0.08111164, 0.96785486, 0.2786293 ,
  0.14700792, 0.09110483, 0.9435295 ,-0.31440644,-0.57519146, 0.46356345,
  1.01659893, 0.39820182, 0.64190996, 0.4607285 , 0.67764493,-0.61520974,
 -0.75672986, 1.01614757,-0.10673058, 0.46198465,-0.04704686,-0.52902569,
  0.75071626, 0.62587314, 0.16966794, 0.21988094,-0.79495723,-0.24067541,
 -0.00160469, 0.21216902,-0.66675616, 0.17909988, 0.25102756, 0.54583889,
 -0.3597876 , 0.03002019, 0.36927928, 0.21319572, 0.35988617,-0.78451375,
  0.97888743, 0.74890334, 0.03554793,-0.45682306, 0.36062663, 0.31454437,
  0.19314827,-0.39493243,-0.44529148, 0.66269409,-0.1953993 , 0.15160369,
  0.87338763, 0.52865992,-0.95676202, 0.73244638,-0.4959447 , 0.3170724 ,
 -0.32854978, 0.57104612, 0.79890241,-0.50321267, 0.96388269,-0.89385001,
 -0.12140293,-0.24870306,-0.58712173, 0.80375106, 0.25856678, 0.4468478 ,
 -0.02119383, 0.36940985, 0.55962391, 0.39316218, 0.39535894,-0.38252707,
  0.75092374,-0.30687601, 0.36908501,-0.4547554 ,-0.38184357, 0.2579065 ,
 -0.83260649,-0.20206869, 0.30690596,-0.29124992, 0.77419096, 0.75500514,
  0.55966724,-0.95951298, 0.15053641,-0.40664283, 0.25000786,-0.95586714,
  0.40255238,-0.47581524,-0.89047512,-0.24343276]
[-0.4858235 ,-0.64652554,-0.89576792,-0.75446655,-0.45005583,-0.959275  ,
  0.62891016,-0.09673981, 0.1270484 ,-0.80972553, 0.16007717, 0.43917154,
 -0.11590006,-0.31202124, 0.65128442, 0.46953942, 0.06637055, 0.6878769 ,
  0.75580095, 0.46800873, 0.63259901, 0.05665916,-0.8784808 ,-0.57205423,
  0.9646788 ,-0.10815469, 0.27398516,-0.57196262, 0.54520295,-0.90646154,
  0.75579919,-0.89868349,-0.14125749, 0.49338563, 0.66785175,-0.09120767,
 -0.91515967,-0.99691115,-0.71309565,-0.55365501, 0.29865569, 0.03522297,
 -0.47742388, 0.63213367, 0.47322799, 0.2267679 , 0.11926038,-0.77601649,
 -0.73772018, 0.95869834,-0.82472029,-0.71628374, 0.21837291,-0.18821912,
 -0.19087221, 0.52664002, 0.95676739,-0.58110052, 0.24803811,-0.91702283,
  0.01660115, 0.16295041,-0.0635697 , 0.36511245, 0.50010312, 0.04486353,
 -0.20873752,-0.91295668,-0.80948555,-0.46901085, 0.91554356,-0.43577312,
  0.13299939,-0.95106156, 0.59270988, 0.89842264,-0.79845501,-0.71037817,
  0.01620382,-0.51080182,-0.04191836, 0.52845432, 0.5964329 , 0.87779174,
 -0.61328607,-0.89104788, 0.9398717 , 0.8402954 , 0.1303107 , 0.13722517,
 -0.96308746,-0.71313678,-0.43255971,-0.63982622, 0.77457134, 0.17556552,
  0.29022154,-0.01401489, 0.0185011 ,-0.4183103 , 0.6634665 , 0.89460767,
 -0.75622518, 0.22038235,-0.19963365,-0.53019482, 0.65392573,-0.34923682,
 -0.49529349, 1.0146304 ,-0.88555973,-0.0239652 ,-0.39774464, 0.65014903,
  0.4905423 ,-0.75425436,-0.63523986,-0.96376818, 0.1120214 ,-0.04390288,
  0.64907564, 0.12445837, 0.95110305, 0.33351403, 0.80875679, 0.11427595,
 -0.6625206 ,-0.54674947, 0.26393856, 0.46507638, 0.88871898, 0.06659167,
  0.38585042,-0.13517822, 0.00463165, 1.00306551,-0.19826466, 0.9006521 ,
  0.98913516, 0.34874981, 0.64888989,-0.52183523, 0.43457388, 0.12149543,
  0.07786767,-0.8727347 ,-0.49259503, 0.21883683, 0.35046711,-0.50969058,
  0.61409145,-0.87372695,-0.85417451, 0.06452346, 0.05664379, 0.90462683,
  0.05353348, 0.17551396,-0.35494938, 0.83314849, 0.0034212 , 0.43383589,
 -0.0639797 , 0.68305897,-0.25676596,-0.77161235, 0.01008806,-0.17340409,
  0.36302876,-0.92203591, 0.66969522, 0.19751777, 0.4946757 , 0.5038777 ,
  0.79161563,-0.23060339,-0.69788789, 0.94003602,-1.00261262,-0.01307294,
 -0.82078083,-0.81468512,-0.33069356,-0.40689487,-0.18445694, 0.69118031,
 -0.08637563, 0.19539061, 0.67242531,-0.94382193,-0.96738398,-0.00477751,
 -0.83202289, 0.0206927 , 0.26381569,-0.58269616]
[-0.24620059, 0.17077812, 0.42077653,-0.43022733,-0.88328873, 0.4152895 ,
 -0.34173123,-0.4084824 , 0.75268432,-0.78239856, 0.0967215 ,-0.89446831,
  0.45921225, 0.28595153, 0.27892415,-0.76072133, 0.34563944, 0.81709928,
  0.14363989, 0.64352291, 0.68245516, 0.02721553,-0.86727923, 0.48803486,
 -0.00107089, 0.738903  ,-0.59464245, 0.47546977, 0.79150318, 0.39022597,
 -0.32167076,-0.87526617,-0.49235911, 0.33562443,-0.14333462, 0.96767601,
 -0.23223296,-0.48757206, 0.59413659,-0.88291028,-0.01804952,-0.0905171 ,
  0.4706924 , 0.10945591,-0.10429402,-0.25339166,-0.03013353, 0.15732076,
 -0.48689092,-0.31484422, 0.76093112, 0.02263608,-0.22712659, 0.65595359,
  0.21967097,-0.07012917,-0.51198259, 0.78894674, 0.08291019,-0.4074639 ,
 -0.30532034, 0.55002041,-0.88347372, 0.34356664,-0.52229651,-0.28894328,
 -0.72524082, 0.97342748, 0.09713473,-0.39879239, 0.62810134,-0.43037401,
  0.25334594, 0.70405584,-0.80196575, 0.23829317, 1.05542488,-1.00574654,
  0.62400545,-0.7001204 , 0.31971152, 0.36641945, 0.69439326, 0.6235805 ,
 -0.35254082, 0.58215963, 0.64522595, 0.44607968, 0.34934229, 0.40368052,
  0.77661314, 0.19970762, 0.06995342, 0.62957378, 0.49739629,-0.89065521,
  0.51490915,-0.43144383,-0.12171143,-0.08015093,-0.65354955,-0.03917422,
 -0.06950213, 0.76109618,-0.05701726,-0.10380435,-0.20386727,-0.73936834,
 -0.29930907, 0.64042638, 0.85808034,-0.12295958, 0.62852965,-0.61606263,
  0.78473265, 0.91418059, 0.65504004, 0.1791264 , 0.68046485,-0.60464725,
 -0.53093884,-0.87992534,-0.65878225,-0.2713484 ,-0.00416762, 0.03859891,
  0.24004272, 0.75403262,-0.88297944, 0.05265388,-0.65505502,-0.06956213,
 -0.49421732,-0.94534251,-0.84989482, 0.43571336, 0.44999449, 0.38122102,
  0.60000465,-1.02053472, 0.59280616,-0.22625878, 0.73472927, 0.5813054 ,
 -0.23382994,-0.7275364 ,-0.34771973, 0.74129583, 0.49670196, 0.88352276,
  0.434527  , 0.83053455, 0.90427969,-0.61552583,-0.41598036, 0.51955425,
 -0.15674522, 0.3823725 ,-0.5318549 ,-0.18913347,-0.47995784,-0.71054637,
 -0.98433888,-0.93499468, 0.41779713,-0.79870779, 0.64708165,-0.56299956,
  0.33240608, 0.85613874,-0.50134942, 0.18436584, 0.87293362,-0.79562396,
  0.36701453, 0.46209829,-0.85282618, 0.21543656,-0.93441041, 0.02273185,
  0.80734032,-0.15520828, 0.18614279, 0.98319523,-0.55706143,-0.06699875,
 -0.91687244, 0.23697279,-0.94309325,-0.78053853,-0.42815034,-0.18073301,
  0.29675845,-0.90209142,-0.73836217,-0.28591111]
[-0.98381012,-0.33248459,-0.01994343, 0.29236974,-0.18951045, 0.97528882,
 -0.16481062,-0.67877495, 0.63239746,-0.27695717,-0.33502882, 0.25159213,
  0.74480052, 0.02005297,-0.38506587, 0.22990389,-1.02604471,-0.47072603,
  0.58409507,-0.50327048, 0.15268563, 0.11322385,-0.36989877, 0.78429028,
  0.76547847, 0.72122013, 0.15445885,-0.55761435,-0.9543976 , 0.67596186,
 -0.25716242, 0.77395534, 0.67075196,-0.95459181, 0.20787242, 0.69632271,
  0.04912929,-0.75361097, 0.93677454,-0.49186304, 0.01539661,-0.96333842,
  0.44699847,-0.0143957 , 0.36454991,-0.86849862,-0.4122203 ,-0.46016929,
  0.57287942,-0.4992243 , 0.24631275,-0.15817487,-0.20686877, 0.39484275,
  0.55190088, 0.4921215 ,-0.17080286, 0.48989914,-0.47134505, 0.87505755,
  0.48899047, 0.67812879, 0.23716783, 0.66150061,-0.57500309,-0.84289441,
 -0.42437376,-0.37726844,-0.62811534, 0.81572686, 0.33454956, 0.27849692,
 -0.83386011, 0.70031859, 0.25037406, 0.59852322, 0.50403319, 0.43337474,
 -0.25868254, 0.45504747,-0.04724145,-0.73727309, 0.60192765, 0.37918505,
 -0.26956558,-0.63224741, 0.42554918, 0.8752424 ,-0.38202126,-0.51396301,
 -0.42454092, 0.52533829,-1.02320723,-0.28885889, 0.68242292,-0.48477486,
  0.28320684,-0.88188698,-0.18194429, 0.35335253, 0.14456431, 0.64462849,
 -0.03243372,-0.18094212, 0.26148649,-0.88027231,-0.34198733,-0.53667184,
  0.77276241, 0.52542702, 0.27638739,-0.26972176, 0.75203302,-0.21898179,
 -0.76246167,-0.46885324, 0.39928095, 0.56581914, 0.35675774,-0.10581299,
 -0.22446144,-0.07305413,-0.20926582,-0.42061544,-0.25118808,-0.7422864 ,
 -0.86061953,-0.06785545, 0.25782669,-0.00135012,-0.42646479, 0.66726786,
 -0.10271117, 0.87167039, 0.53574965,-0.08720966,-0.63906275,-0.25986656,
 -0.28815471,-0.6171075 ,-0.09948113,-0.65598436, 0.21001901, 0.6052147 ,
  0.83610753, 0.06865844, 0.01887119, 0.8124304 ,-0.98918025,-0.27988172,
 -0.52037033, 0.03690077,-0.68596303,-0.22945255, 0.47816904, 0.04171463,
 -0.54408078,-0.90297093,-0.20114371,-0.94603814, 0.07277437,-0.26589898,
  0.05307197,-0.5649652 ,-0.25787175,-0.36877341,-0.1766202 ,-0.5831391 ,
  0.53024574, 0.89575633, 0.32735982,-0.20801329,-0.85380628,-0.99447557,
  0.68867786,-0.26779491,-0.19369604,-0.26104808, 0.26415234,-0.50094417,
 -0.11175277, 0.0460626 ,-0.50741659, 0.22517782,-0.4911345 , 0.96371446,
 -0.06458987,-0.93925064, 0.86864444, 0.09157619, 0.2197097 , 0.80242098,
 -0.87694334,-0.15226847,-0.12033202,-0.63792489]
[ 0.80319945, 0.89256658, 0.66699592, 0.39654804, 0.67705551,-0.05929014,
 -0.09053499, 0.93654261,-0.06399524, 0.51335907, 0.86225183,-0.26482389,
  0.0655329 , 0.24227912, 0.43307169,-0.70477463, 0.15156284,-0.88627761,
  0.55446928, 0.90808857,-0.08027631, 0.93286858,-0.22103726,-0.70050474,
 -0.9465307 , 0.61121251,-0.02197585,-0.62719983, 0.36224682,-0.12094812,
 -0.72881494,-0.45134685, 0.20299605, 0.49322478, 0.97080282, 0.61178952,
  0.09525727,-0.07460818,-0.46788635, 0.65174447, 0.95351302,-0.15022476,
 -0.15241755, 0.27631613, 0.09217752,-0.15004236,-0.651321  ,-0.8243435 ,
 -0.53916819,-0.06649337,-0.69045185,-0.15590495, 0.24318112,-0.01430008,
  0.83663212,-0.27338697, 0.74428199,-0.08971714,-0.17211354, 0.45022395,
  0.84463576, 0.7259163 , 0.47563692, 0.48377432, 0.99987879, 0.7366634 ,
 -0.74911919, 0.28266212, 0.70463712, 0.54153834, 0.94237157,-0.6261078 ,
 -0.4675709 , 0.85212506, 0.79228059, 0.60413646,-0.62393467,-0.31471841,
 -0.25480785,-0.43609768, 0.65305992, 0.73094356,-0.1190931 ,-0.12392148,
  0.42377482, 0.45132929, 0.55043276, 0.11867324, 0.40889808,-0.0972562 ,
 -0.5586782 ,-0.92670412,-0.15869934,-0.22902877,-0.16272042,-0.46442238,
  0.89936956,-1.01011718,-0.18755523, 0.25948771,-0.07996897,-0.18188206,
  0.34472761,-0.64130428, 0.46678573, 0.53663957,-0.1192522 , 0.25608242,
  0.37697445,-0.82716935,-0.47248319, 0.32869848, 0.17321568,-0.95203815,
  0.64839074,-0.8403057 , 0.02255255,-0.49605236, 0.80675966,-0.64689979,
 -0.91920052, 0.90642767,-0.45558922, 0.41145978,-0.44627379, 0.04918987,
 -0.25777319, 0.4666438 , 0.28639636,-0.37475696, 0.94165218, 0.37219543,
  0.48412263,-0.49181167,-0.90476353, 0.23367743, 0.78563113, 0.66695505,
 -0.41360819, 0.11061872,-0.04215035, 0.29372838,-0.56203428, 0.92414809,
  0.00668089,-0.43874774,-0.39829422,-0.02661895,-0.03185077,-0.85900057,
 -0.67371872, 0.83288356, 0.19403853,-0.29718287, 0.23410298, 0.84848455,
 -0.40366345, 0.49846566,-0.65167955, 0.41063443,-0.25210184, 0.38027956,
 -0.25617427, 0.71647817,-0.36091272,-0.36915506,-0.90566783, 0.69227305,
  0.04093836, 0.1603053 , 0.10739039,-0.22919953,-0.59808656,-0.64217175,
 -0.75636024,-0.4208079 ,-0.41742803,-0.80083537, 0.39893256, 0.2756395 ,
  0.27100213,-0.41404685, 0.84141676, 0.06416688, 0.29305936,-0.46040258,
  0.64489339, 0.18834994,-0.45780028, 0.07270033,-0.71798468, 0.09903745,
 -0.89579689,-0.44748993, 0.82550863,-0.11722068]
[ 0.08417335, 0.15022812, 0.79263388, 0.85835873, 0.58270943,-0.36193359,
  0.8703641 ,-0.70425532,-0.96275729,-0.93970056, 0.21238325,-0.18479   ,
 -0.74594612,-0.65129386, 0.45763578, 0.1910233 ,-0.98497344, 0.16171531,
 -0.61776819, 0.94136914, 0.72314784, 0.77091541,-0.0476601 , 0.85667355,
 -0.46358006, 0.58399639, 0.78155782,-0.45461963, 0.62091515,-0.55354002,
 -0.51374718,-0.38852215,-0.97887899, 0.47406595,-0.05705374,-0.63235756,
 -0.02664073, 0.43633464,-0.73121262,-0.93929852,-0.0761081 ,-0.65689992,
 -0.12152053,-0.49878469, 0.78735548, 0.61114396, 0.01450519, 0.35979597,
  0.53994122, 0.02583041,-0.90284291,-0.0884484 , 0.35930246, 0.41606492,
  0.18178732,-0.65769332, 0.46108094, 0.64749499, 0.50886385, 0.99876481,
 -0.1498132 , 0.47521456,-0.93041291,-0.22635308,-0.00359115, 0.21881945,
  0.42671108, 0.6040408 ,-0.54103689,-0.91608653, 0.28786611,-0.54587254,
  0.25499546,-0.97365337, 0.51319789,-0.62098472, 0.79538243, 0.19759533,
 -0.99709199,-0.21665066, 0.04519977,-0.40173546, 0.56254666, 0.30132137,
 -0.71743233, 0.3866985 ,-0.92828941,-0.40176216, 0.38686444, 0.78787801,
 -0.52996638,-0.44450716,-0.32891321, 0.78683186, 0.69340451,-0.29152488,
 -0.31634728,-0.24838493, 0.6115803 , 0.34306662, 0.21054289,-0.04601927,
  0.66355952, 0.96180077, 0.81526255, 0.52589695,-0.57818596,-0.63354215,
 -0.52929366,-0.82456998, 0.91613136, 0.13591566, 0.85166971,-0.39971824,
 -0.87148315, 0.86686908,-0.49743212,-0.9673213 ,-0.90459094, 0.84414958,
 -0.66944678,-0.03332084, 0.31269612, 0.95994679,-0.14878835, 0.80647311,
 -0.73414186,-0.22226486, 0.17414134, 0.70676482,-0.01920119, 0.48101559,
 -0.72867969, 0.6854653 , 0.69898416,-0.25280426, 0.67542343, 0.14297749,
 -0.66190777, 0.49804808,-0.17358555, 0.92874166,-0.80423925,-0.04606893,
  0.69028577,-0.77906484, 0.89930285, 0.77867709,-0.25489695,-0.16582264,
 -0.19741453, 0.23487454, 0.29080214,-0.41726971,-0.67401898,-0.28226892,
  0.63799428, 0.68574805, 0.89489159,-0.94096714, 0.3220293 ,-0.45592032,
 -0.27524572, 0.22869885,-0.29216823, 0.08839025,-0.80861292, 0.44707469,
  0.57383074,-0.38474087, 0.03908427, 0.04717843, 0.65602355, 0.68848204,
  0.7915307 , 0.45998224,-0.1294403 ,-0.94935528, 0.69666556, 0.94939955,
 -0.52563958, 0.64191523,-0.42131422,-0.54702919,-0.81810067,-0.15902211,
  0.60696359,-0.4529426 , 0.27589179, 0.48162573,-0.60817292, 0.73663593,
  0.32931276, 0.35040367, 0.84475668,-1.05225477]