NN RHC lr=0.01 decay=.99

        1 layer, 4 hidden nodes  
        clip max  = 50 
        activation = relu 
        max iters = 1000
        learning rate = 0.01
    
train accuracy: 0.39980850772808096, 0.5659964437149501, 0.5523184242921625, 0.4381069621118862, 0.41362330734509645, 0.5833675283818903, 0.5179865955409657, 0.6440979346190672, 0.46218027629599234, 0.5690056079879633
train acc mean: 0.5146491588018055
train acc std: 0.07778609674491953
test accuracy: 0.4095940959409594, 0.5633456334563346, 0.5793357933579336, 0.45141451414514144, 0.3972939729397294, 0.5571955719557196, 0.5350553505535055, 0.6568265682656826, 0.44772447724477243, 0.5670356703567035
test acc mean: 0.5164821648216482
test acc std: 0.08061874452005205
loss: 0.8363855941060241, 0.6561541646952758, 0.7325237110767353, 1.216015389724531, 1.0422395020777564, 0.6906527311707995, 0.7936244811008237, 0.7407222560984342, 0.7095464348777588, 0.9526294264404598
fitted weights: 
 [ 0.84708   , 0.90959834,-0.44235468,-0.89242353,-0.93140253,-0.96294797,
  0.71767311,-0.73958556,-0.35467799, 0.39857681,-0.50316518,-0.51189929,
 -0.69770131, 0.11354631, 0.9222204 ,-0.65180361, 0.34213628,-0.59979703,
  0.39132509, 0.08769523, 0.77797308, 0.57901667, 0.25438406, 0.88278504,
  0.71845098, 0.349918  ,-0.96095673, 0.00859671, 0.84386879, 0.08658819,
  0.12394019,-0.7856244 , 0.00780608, 0.39403262,-0.8769524 ,-0.84151867,
 -0.34305643, 0.75266556, 0.88409228, 0.4476563 , 0.08443472,-0.3842828 ,
 -0.73367654,-0.76170044, 0.39178306,-0.6902106 ,-0.7924482 ,-0.26479837,
  0.59467132,-0.13907041, 0.74109216,-0.43167109,-0.68395546, 0.41951017,
  0.35344934,-0.38782256,-0.77635643, 0.08956519, 0.02749934,-0.6193678 ,
 -0.0286965 ,-0.33378474,-0.88279564, 0.55330026,-0.68384043, 0.61319417,
 -0.01645796, 0.55562994, 0.75916255, 0.00466994, 0.26198235, 0.05340506,
  0.72630485,-0.5074509 ,-0.69254263, 0.71649848,-0.35366957, 0.35758904,
 -0.96160269,-0.37818184, 0.56140821,-0.06767906,-0.03091323,-0.06854928,
  0.07779882,-0.77036933,-0.20258282,-0.04659038,-0.6451015 , 0.85067631,
 -0.92858975,-0.32985448, 0.96072689, 0.26313396,-0.1921702 , 0.60716031,
  0.68278784,-0.97946295,-0.89354093,-0.50040183,-0.36100891, 0.43516968,
 -0.49139631, 0.65886242,-0.8198903 , 0.23749562, 0.78265873,-0.24864789,
  0.21830845,-0.65105371, 0.8607316 ,-0.13251864,-0.20671214,-0.43081333,
  0.57842381, 0.09004998, 0.77223226, 0.71704057, 0.11946743,-0.36121145,
  0.84954438,-0.77052152, 0.92477245,-0.1493836 ,-0.88560857,-0.13438301,
 -0.21422604,-0.12053564, 0.06035471, 0.97574363,-0.92989566, 0.09002064,
 -0.28883486, 0.24234081, 0.29965241,-0.3007064 ,-0.97439887, 0.04548658,
 -0.85546848, 0.47737501, 0.04662723, 0.9724388 ,-0.79339008, 0.53699161,
 -0.1243108 ,-0.85944336,-0.02520684, 0.85428482,-0.50854148, 0.37413331,
 -0.26715911, 0.90327488, 0.54047783, 0.27921016,-0.56360216,-0.94570417,
 -0.12029171, 0.94873686, 0.56451778, 0.62319401, 0.29254012, 0.63394595,
  0.62807232,-0.40743379,-0.25533976,-0.66151098,-0.33786928,-0.28651419,
  0.91188899, 0.40077128,-1.02384837,-0.56949415, 0.19515938,-0.07257293,
 -0.47624765,-0.3136468 , 0.68080861,-0.52712309, 0.31690191,-0.72087839,
 -0.40622221, 0.35558475, 0.56418882,-0.02436457, 0.8367216 ,-0.23457918,
  0.32782804, 0.90276433,-0.37371434,-0.69556324, 0.42876807, 0.26949978,
  0.62421442, 0.05860165, 0.18334547,-0.8503649 ]
[-0.17524442,-0.56038181, 0.38793436,-0.39295735,-0.62057511,-0.53332639,
  0.03648448, 0.79435627,-0.56116992, 0.34928112,-0.23226477, 0.02872987,
 -0.54571307, 0.94453373, 0.73439913, 0.50872452,-0.08331552, 0.13837933,
 -0.13772126,-0.40413241, 0.35825786,-0.76637493,-0.76321056,-0.72748447,
  0.11273994, 0.518997  , 0.57455194,-0.67316459,-0.33459788,-0.10657994,
  0.03338119,-0.93305845,-0.85339385, 0.54634074,-0.71602797,-0.10590216,
  0.81144342,-0.00959179,-0.85871779, 0.02158388, 0.95065517, 0.26570055,
 -0.8066957 , 0.41252736, 0.59123016,-0.60009741,-0.93880827, 0.30622869,
  0.36438984,-0.08385603,-0.80434331, 0.75392923,-0.06547872, 0.05835973,
  0.14695797,-0.75999882,-0.78330836,-0.14990326, 0.01391544,-0.68029289,
  0.44374016, 0.65903697, 0.88837316, 0.88008261, 0.68621271, 0.75133704,
  0.99475759, 0.2658909 ,-0.4268932 , 0.10565932, 0.55220675,-0.78892553,
 -0.72043605, 0.7560019 ,-0.40260073,-0.25656476,-0.1939241 , 0.67805317,
  0.11712427, 0.18503411, 0.75241739,-0.44283628,-0.96305485, 0.26335362,
 -0.7877413 ,-0.12686732, 0.09128465,-0.45005827,-0.49801362, 0.62233034,
  0.24280106, 0.53179816,-0.97471538, 0.07122467,-0.21143637,-0.14047312,
 -0.00763694,-0.57610966, 0.64960312,-0.78925106, 0.789522  , 0.46337277,
 -0.89588008, 0.59950732, 0.61745098,-0.49491175,-0.40812456,-0.90424404,
 -0.86595351, 0.2440964 , 0.19443472,-0.13888055, 0.20361214,-0.48483736,
  0.22862819,-0.05972436,-0.1186616 ,-0.90688508,-0.76962143,-0.4654744 ,
 -0.04153877, 0.25312094,-0.14362789, 0.25997878,-0.81643316,-0.55712188,
 -0.30068019, 0.89150252,-0.27509899,-0.41965671, 0.70444408, 0.44850615,
 -0.39406821, 0.25864741,-0.20991349, 0.80333541,-0.34813145,-0.56796725,
 -0.85517489,-0.91733917,-0.17704623,-0.37797178, 0.94332268,-0.59881505,
 -0.43791243,-0.43960622,-0.0531321 ,-0.58250414, 0.34961697,-0.8190527 ,
 -0.6816097 , 0.27454912,-0.77812717, 0.54504159,-0.35720462,-0.20638144,
 -0.44699176, 0.10421522, 0.96534389, 0.60240738,-0.49481542,-0.78852846,
  0.08948139,-0.63872212,-0.55825678,-0.48212152, 0.76964234,-0.66633832,
  0.52300592,-0.20836597,-0.99002421,-0.54526426, 0.82529786,-0.79153804,
  0.12601464,-0.95501331, 0.61811457,-0.34641493,-0.58381755,-0.94917391,
 -0.22784512, 0.12474895, 0.97984058,-0.25548586, 0.22849909,-0.31449995,
 -0.56399525,-0.06038818,-0.2153224 ,-0.82020417, 0.67231409, 0.37182637,
 -0.29902115,-0.83773511,-0.86472911,-0.81281852]
[ 7.57970917e-01,-1.35301231e-01, 8.12418444e-01, 6.90091879e-01,
  5.84408122e-02,-8.50986877e-01,-9.05256786e-01,-6.13879385e-01,
 -1.43835416e-01,-3.95601641e-01,-2.79724291e-01, 7.50883459e-01,
  8.79542897e-01, 4.62734393e-01,-5.45749218e-01, 2.07685305e-01,
 -8.81639637e-01, 2.83666584e-01,-1.12572942e-01,-8.85421592e-01,
  2.74228916e-01, 4.09931293e-01,-3.00461442e-01, 6.51647511e-01,
  3.37202562e-01,-8.09606070e-01,-6.05482428e-01, 9.41385904e-01,
 -2.68644476e-01,-9.07546183e-01,-8.32224652e-01,-2.06843859e-01,
  2.52548192e-01,-8.21109032e-01,-6.35623562e-01, 6.42715346e-01,
 -4.88408568e-01, 7.80635625e-01, 8.40632216e-01,-8.12669776e-01,
  2.14333448e-01, 3.46388811e-01, 2.40098098e-01,-6.43933584e-01,
  2.49038610e-01,-4.15454509e-01, 2.66611390e-01, 7.82125642e-01,
 -9.30442650e-01,-3.11336946e-01,-2.78904799e-01, 1.10853738e-01,
  6.26939798e-01,-2.87997716e-01, 5.23422576e-02,-3.26078989e-01,
 -4.85705946e-02, 1.50136828e-01, 8.97608173e-01, 6.87522689e-01,
  2.38994566e-01,-4.13401991e-01,-6.04704929e-03,-8.02522971e-01,
 -2.45976278e-02,-6.81670041e-01,-1.07163060e-01, 4.47464543e-01,
 -8.43949448e-01,-2.01663644e-02, 6.32977600e-01, 4.01917854e-01,
  6.28224190e-01,-7.44843580e-02, 3.95170620e-01,-9.44512732e-02,
  7.99665236e-01,-1.86257586e-02,-1.51620369e-01, 1.00616686e+00,
 -8.28512221e-01,-2.80742926e-01,-8.80064951e-01, 3.40597822e-01,
  7.23964601e-01, 2.20979400e-01, 8.79313450e-01,-6.30418463e-01,
  1.88021677e-01,-6.19225436e-01,-4.51225662e-01,-4.10799437e-01,
 -2.77033727e-02,-7.48156673e-01,-6.09592213e-01, 6.69203142e-01,
 -8.69035527e-01,-6.59869378e-01, 1.62892202e-01,-4.73804291e-01,
 -3.99167592e-01,-6.99115334e-02,-5.70947570e-01, 2.60391632e-01,
 -4.92357531e-01, 4.95004976e-01, 8.19693900e-01,-8.39365563e-01,
 -4.38512971e-01,-3.05288100e-01,-1.00727907e+00, 8.72830639e-01,
  8.25188739e-01, 7.05218670e-01,-3.82930778e-01,-1.51584877e-01,
  5.93944487e-01, 4.42805693e-01, 4.90961034e-01, 8.25878775e-01,
  5.71786415e-01, 2.73166327e-01, 9.32630127e-01, 7.46725744e-01,
 -2.47935341e-01,-2.60702967e-04,-8.95707906e-01, 5.93897076e-01,
 -5.84736497e-01,-5.43117717e-01, 2.94120249e-01, 4.44027235e-01,
 -5.79809293e-01, 2.76116971e-01, 4.42092166e-01,-3.12756134e-01,
 -5.04309230e-02, 4.29579689e-02,-2.29910514e-01,-9.76872146e-01,
 -4.96581313e-01,-1.31261645e-01,-5.55098541e-01, 7.16921358e-02,
  6.80779964e-01, 5.66152740e-01, 5.23447009e-01,-7.22863750e-02,
 -1.38494027e-01, 4.88169134e-01,-9.36580094e-01,-3.65363129e-01,
 -4.12678677e-01, 8.23059496e-01,-4.82728420e-01,-5.89448439e-01,
  9.71888339e-01, 5.08922725e-01, 7.77514080e-01, 1.20449213e-01,
  3.13664146e-02,-5.28057939e-01, 2.35665788e-01,-3.24497116e-02,
  4.94893586e-01,-5.75681002e-01,-5.47418829e-01,-7.37573291e-01,
  8.06349033e-01,-3.67252220e-01, 9.97807809e-01,-1.31232215e-01,
  9.87991230e-01,-7.18870394e-01,-6.71197601e-01,-7.79597507e-01,
  6.19731288e-01,-8.87002622e-01, 7.12079366e-02, 3.30270460e-02,
  9.38799709e-01, 2.55731398e-01,-5.79464689e-01,-8.65580393e-01,
 -8.00733058e-01,-7.11605470e-01,-8.00949965e-01, 9.95535199e-01,
  9.40456830e-01, 3.44369658e-01, 9.93328876e-02, 4.91533781e-01,
 -3.54637195e-01, 3.29899068e-01,-5.60892308e-02, 5.12622991e-01]
[-6.14393420e-01,-9.58130642e-01,-4.85015846e-01, 6.23118081e-01,
  8.81713794e-01, 2.91283821e-01,-3.86729854e-01,-2.34744505e-01,
  6.82001369e-01,-6.61162942e-01, 8.06624176e-02,-8.91365555e-01,
 -6.63913990e-01,-9.46306661e-01,-5.80601022e-01,-8.14839796e-01,
 -7.35076031e-01,-4.57755037e-01,-8.03603410e-01, 3.00514285e-02,
 -8.78421484e-01,-6.74656611e-01, 1.26725454e-01,-6.31628875e-01,
 -2.21714999e-01, 6.73503828e-01, 9.56397617e-01,-4.47219291e-01,
 -1.26196637e-01, 8.41423652e-01, 1.13576813e-01,-8.25308584e-01,
  5.94230774e-01,-7.60645902e-01,-6.91364202e-02,-8.43501836e-01,
 -3.99729969e-01, 3.14712132e-01,-9.70880180e-01,-9.16281487e-01,
 -6.14762085e-01,-6.42143429e-01, 5.89331555e-01,-3.88465716e-01,
  4.75050536e-01,-1.48974083e-01,-7.04029477e-01, 7.21855956e-01,
 -2.01875448e-01,-8.16136801e-01, 6.47754291e-01,-7.70488463e-01,
 -3.52247966e-01, 8.83591006e-01, 8.85795390e-01, 3.57988710e-01,
  1.53456255e-01, 7.81467490e-01, 9.05478114e-01,-7.68227481e-01,
 -1.85051599e-01,-6.76308558e-01, 3.14420791e-01, 2.72962012e-01,
 -1.01311966e+00, 2.26604618e-01, 8.58397082e-01, 5.97272341e-01,
  8.79109510e-01, 1.38459428e-01, 9.53476384e-01,-4.17604865e-01,
  3.82003049e-01,-7.58785099e-02,-7.61231250e-01,-9.54162707e-01,
  5.43977025e-02, 9.01809829e-01,-5.31575503e-01,-6.81766447e-01,
  3.31289711e-01,-8.27438347e-01, 2.62445856e-01, 8.96850039e-02,
  2.39020057e-02, 2.54388798e-01, 1.05409458e-01,-6.26825014e-03,
 -4.80809175e-01, 6.31165099e-02,-7.19720284e-01, 2.27473260e-04,
  1.42845988e-01,-5.94261267e-01,-5.62733620e-01,-8.50276083e-01,
  3.74485005e-01, 9.25730461e-01,-1.04133658e-01,-9.77023768e-01,
  8.00085389e-01,-9.23697044e-01, 3.59304143e-02, 8.12722562e-01,
  8.95439713e-01, 3.09994649e-01,-6.84384247e-01,-1.71529579e-01,
  3.18757187e-01,-1.14601496e-01, 1.51435081e-01, 9.21445366e-01,
  9.46468320e-01,-8.32889726e-01,-8.05426956e-01,-3.07949923e-01,
  8.07284415e-01, 2.22201301e-01, 7.57386926e-01,-3.09194465e-01,
  6.21463595e-01, 5.78495378e-01, 3.64493891e-01,-2.54490729e-01,
  4.27162851e-01,-3.94626134e-01, 7.68053426e-01, 5.13200817e-01,
 -3.68322549e-02,-6.88591716e-01,-7.05265061e-01,-5.51688341e-01,
 -4.42986362e-01,-6.22590229e-01,-2.16878139e-01,-3.56462224e-01,
 -7.69275602e-01, 1.09338200e-01, 7.05431723e-01,-3.28010994e-01,
 -5.52635274e-02, 2.69997059e-01, 5.14726875e-01, 1.62850949e-01,
 -5.36136297e-01, 8.59668834e-01,-3.88888389e-01,-7.08221112e-01,
  7.13708197e-01,-7.54045065e-01,-7.13870478e-01,-4.51085181e-01,
  9.01861500e-01, 6.46162211e-01, 5.43223951e-01,-6.18414555e-01,
  7.98669247e-02, 8.34832126e-02, 1.57112889e-01, 8.37346610e-01,
 -9.22604519e-01,-3.56282439e-01, 8.99125883e-01, 8.61548418e-01,
 -8.39771210e-01,-3.54342598e-01, 9.10702215e-01, 8.13597429e-01,
 -5.79832313e-01,-6.66587856e-01,-2.71012028e-01,-9.91915084e-01,
 -8.63897360e-01,-6.28815269e-01,-5.78262551e-01,-9.18692481e-01,
 -7.24345852e-01,-8.91543174e-02, 8.62300909e-01, 8.72524161e-01,
 -3.90321972e-01,-6.01841342e-01,-5.15758962e-01, 6.99286293e-01,
  8.63935154e-02, 3.97619607e-01, 6.34562975e-02, 9.98642712e-01,
 -3.11126471e-01, 1.90066114e-01, 4.31229251e-01, 3.06009050e-01,
  9.72553680e-01, 2.41489573e-01, 4.48499327e-01,-8.04167412e-01]
[-0.03614455, 0.30712212,-0.95198311, 0.77216937, 0.21388433, 0.22204084,
  0.61258261,-0.8457051 , 0.4746754 ,-0.28543838,-0.03131731,-0.31269287,
 -0.30216507, 0.92694386,-0.75858777, 0.78738462, 0.31647578,-0.82527253,
  0.91903064, 0.83367256,-0.08097221,-0.58499533,-0.78132124,-0.2018579 ,
  0.07165921, 0.71976906,-0.345071  , 0.1815382 ,-0.33251684, 0.69725234,
 -0.1089367 ,-0.23416965,-0.62644388, 0.83610501,-0.90432522, 0.19068547,
  0.00586477, 0.87925191,-0.72701728,-0.58224537, 0.46255639,-0.18022002,
 -0.34503055, 0.8932432 , 0.47864664,-0.99956955,-0.60602709, 0.73487816,
  0.31286753, 0.59814036,-0.257981  , 0.50083878, 0.54983904,-0.45756333,
 -0.15441549,-0.59913528,-0.44994185, 0.96989151, 0.16724629, 0.17943857,
 -1.01267593, 0.61191409,-0.46898578, 0.55474601, 0.90746821, 0.46176647,
  0.81486913, 0.02495237,-0.04405057, 0.29981328, 0.71433405,-0.19774589,
  0.89003589, 0.81881837,-0.71627577, 0.95880335,-0.09519186,-0.12096457,
  0.53748215,-0.74894746, 0.87793969,-0.02042855,-0.88115882, 0.91694227,
 -0.45919702,-0.75548187, 0.40866705, 0.15083088, 0.04976355,-0.64036671,
 -0.86396941,-0.13327572, 0.03323147, 1.00704847,-0.40526067, 0.73238915,
 -0.27624374, 0.16838946,-0.85527508,-0.95118642,-0.7291399 , 0.21902766,
  0.45190369, 0.7604952 , 0.94917784, 0.41852645, 0.3343981 ,-0.85743866,
  0.15043595, 0.54218621, 0.98469101, 0.45776514, 0.51880411, 0.34487598,
 -0.44059052, 0.95629882,-0.94322368,-0.03797219, 0.23320056,-0.16219772,
  0.14244388, 0.83107986, 0.75871337, 0.75190932,-0.92837929, 0.31882617,
  0.40384021, 0.72071124,-0.70444422, 0.24152748,-0.42866517, 0.66985882,
  0.43436383, 0.61565596,-0.46078107,-0.69263928,-0.11659532, 0.77732762,
  0.70503957,-0.94156334, 0.0494954 ,-0.29395451, 0.00122541, 0.15112496,
  0.69478675, 0.78888975,-0.17774528, 0.36305908, 0.63574029, 0.19628521,
 -0.72827875, 0.99661777, 0.26329653,-0.95046998,-0.14152998,-0.98826504,
 -0.52858743, 0.06565886, 0.15706123,-0.24837542,-0.61113491,-0.57667656,
 -0.12813031, 0.2395191 , 0.57944542,-0.60679232, 0.96015139, 0.88659141,
  1.04176764,-0.48863694,-0.28516534,-0.89753561, 0.68311667, 0.93386619,
 -0.76571238,-0.5609464 , 0.87069786, 0.41485588,-0.92924334,-0.14995583,
 -0.09836464, 0.04547627,-0.624933  , 0.19404249, 0.77444004, 0.26429436,
 -0.39103894, 0.08676481, 0.37559518, 0.10671312,-0.38281192, 0.82832242,
 -0.17391547, 0.75475209, 0.34609981,-0.93585839]
[-0.46472464, 0.23416655, 0.19135151,-0.8079081 ,-0.5514691 ,-0.97970221,
  0.02290972, 0.72729061,-0.82315437, 0.58149421, 0.37894625, 0.50309874,
 -0.09780482,-0.6563399 , 0.81353383, 0.83129012, 0.44888655, 0.13436433,
  0.22788373, 0.37828379, 0.75325972,-0.2668182 , 0.96655435,-0.29314819,
 -0.51346994, 0.06942359, 0.23073368, 0.97967524,-0.19490779,-0.88679011,
  0.26851699,-0.32406763, 0.9239859 , 0.75222361, 0.95199845, 0.8914863 ,
  0.11083544, 0.14896551, 0.32845601,-0.1808154 , 0.34967335,-0.08094421,
  0.12407508,-0.07637491,-0.49004403,-0.61816977,-0.47829623,-0.72960872,
 -0.90510745,-0.5999722 , 0.17747501, 0.62265865,-0.27776311,-0.54971534,
  0.79132005,-0.87914654, 0.1885539 , 0.2111498 , 0.52045268, 0.72499212,
  0.29372036, 0.40883891, 0.92618168,-0.66125865, 0.23792478, 0.06482293,
  0.69568716,-0.13869507, 0.42592338,-0.75079788, 1.001853  , 0.8976664 ,
 -0.415681  , 0.13440006,-0.27900896,-0.54138571, 0.31760759, 1.06240251,
  0.41473095,-0.81466189,-0.94959943, 0.90804393, 0.32238046,-0.89941461,
  0.21332543, 0.91791919,-0.3999976 ,-0.06892003, 0.78870763,-0.6842113 ,
 -0.02431294,-0.12127429,-0.53321271, 0.48981224, 0.15253111,-0.92956892,
  0.15710392,-0.19605798,-0.73304867, 0.81265143, 0.36469017,-0.70792908,
  0.74492903, 0.87057604, 0.10181661, 0.75975405,-0.96856693,-0.43306961,
 -0.07118216, 0.71342339,-0.76724044, 0.74399074,-0.68614192,-0.53657921,
 -0.4727786 , 0.22598442, 0.71819451,-0.33137504,-0.91941624,-0.16843571,
  0.98375775,-0.92653272,-0.49211835,-0.35619048,-0.32940809, 0.36388107,
  0.96673128,-0.54160125, 0.05783893,-0.803337  , 0.05709344, 0.23493668,
 -0.065602  ,-0.95441399,-0.20086097, 0.54172988, 0.82840372,-0.47791208,
 -0.23847968, 0.67456328,-0.92546053, 0.31153851, 0.55732653, 0.95987677,
  0.39161778, 0.78343161,-0.74262694,-0.28537964,-0.39454851,-0.7152635 ,
  0.27498194, 0.91013864, 0.04182002, 0.71430021, 0.35555622,-0.7880748 ,
 -0.90176176,-0.64492225,-0.87559736,-0.06727386,-0.95787753, 0.44236533,
  0.00753433,-0.29620686,-0.58842108, 0.23326953, 0.45048832, 0.8098187 ,
  0.44303674,-0.01013495, 0.63272197,-0.81554072,-0.11184456, 0.25050146,
 -0.0889602 ,-0.41050724, 0.58618989, 0.56269107,-0.00486493,-0.97311924,
  0.26567413,-0.24070781, 0.07910522,-0.79825332, 0.61095748, 0.72234962,
 -0.94120522, 0.41424916,-0.8127728 ,-0.08373788,-0.28518297, 0.29522087,
 -0.27274328, 0.29431936,-0.31141789, 0.14350878]
[ 1.00996726,-0.80276586, 0.06554155,-0.55545118, 0.51490949,-0.4161899 ,
  0.81769786,-0.18849928,-0.28093613,-0.53679325,-0.12816818, 0.20417448,
 -0.56215743,-0.59120152,-0.39614182,-0.26843821,-0.8514768 , 0.63684347,
  0.93341929,-0.05707747,-0.14626699, 0.01097097,-0.33051544, 0.31592923,
 -0.93471422, 0.71614536, 0.39748431,-0.72549309,-0.94204904,-0.60343979,
  0.14968746, 0.80942231,-0.63122437, 0.57557979, 0.85645061,-0.18445001,
 -0.16924966,-0.49294489, 0.87411861, 0.74655072,-0.94064833,-0.79586653,
  0.01317719, 0.03548504,-0.74805034,-0.1571598 , 0.07483569,-0.95730281,
 -0.50738203,-0.0235138 ,-0.7188862 , 0.12386204, 0.85697803, 1.03311222,
  0.09724954, 0.39024134,-0.14800736, 0.10805468,-0.92963225,-0.78113367,
 -0.13494795, 0.92755397,-0.55261591, 0.85991363,-0.49646756, 0.47350093,
  0.73175445, 0.246044  ,-0.1678595 ,-0.4086369 ,-0.4349391 ,-0.52956853,
  0.75790667,-0.32315205,-0.65894105, 0.28396689,-0.83554925,-0.84172334,
 -0.56392401, 0.43690045,-0.51304727,-0.48776083, 0.40925605,-0.32757315,
  0.30402616,-0.62368271, 0.25752746,-0.698969  , 0.68017789,-0.75194263,
  0.09498419, 0.83346979,-0.03479571, 0.62789228,-0.69487755, 0.94463504,
  0.85555813,-0.31790793, 0.56995525, 0.31471341,-0.86475314,-0.8862272 ,
  0.61728533,-0.1316202 ,-0.56235481, 0.63868326,-0.46629706,-0.09754266,
  0.04693903, 0.01193053,-0.03898283,-0.02480548,-0.73849399, 0.4473683 ,
 -0.69519645,-0.4759752 , 0.79895482, 0.55747396,-0.89056642,-0.72632787,
  0.28151912,-0.94371355, 0.54815453,-0.95907569,-0.44367193,-0.38887386,
 -0.3734121 , 0.32881134,-0.54018077, 0.23988042,-0.9241001 ,-0.60892541,
 -0.76966975,-0.17539131,-0.31936824, 0.87295053, 0.39325655,-0.85837215,
  0.46107263,-0.09784598,-0.24959525,-0.23700894,-0.68569751,-0.61521436,
  0.78890413, 0.70261368,-0.64024603,-0.08891633, 0.32522722, 0.06136926,
  0.83898429, 1.0523048 , 0.39572669, 0.44489968,-0.2528522 , 0.07907114,
  0.68156917,-0.53001156, 0.05430645,-0.22435804, 0.32119183, 0.65404738,
  0.82271052, 0.02135311, 0.21071484,-0.21696526,-0.19985086,-0.13203686,
 -0.30661999, 0.21797651, 0.70834767,-0.79993346,-0.43959046, 0.31212459,
  0.57085156,-0.4910979 ,-0.47102315, 0.15341412,-0.43079678, 0.39365949,
 -0.09893729, 0.96742384,-0.97769018, 0.63446498,-0.87735628,-0.96315635,
  0.97941817,-0.42371947, 0.19767913, 0.81827417,-0.7840512 ,-0.11677864,
  0.76338835,-0.95473807, 0.96262245,-0.12704187]
[ 0.55622568, 0.12985893, 0.15547464,-0.77036046,-0.43443619, 0.08917624,
 -0.63715566, 0.73265845, 0.10124231,-0.24198677,-0.76323574,-0.84822027,
  0.30133325,-0.99714065,-0.86631566,-0.49113706, 0.08072022,-0.05430046,
 -0.60494065,-0.48728027, 0.45571518, 0.12469701,-0.17669276,-0.92074122,
 -0.64460937, 0.00856141,-1.01296322, 0.90820918,-0.90471909, 0.22279164,
 -0.96637351, 0.29157319, 0.21060354, 0.40193137,-0.80710565, 0.90377759,
 -0.28852332, 0.70003765,-0.41741904,-0.05758939,-0.65024884,-0.28140511,
 -0.80790834, 0.4339369 ,-0.07718979,-0.56566212,-0.21156392,-0.94227068,
  0.01115142, 0.9302539 ,-0.59425086,-0.93564063, 0.69445986,-0.77061071,
 -0.3711605 ,-0.61027113, 0.09984663,-0.59697723, 0.00491654,-0.98229051,
 -0.07300703, 0.45366603, 0.58749468, 0.7580451 , 0.20069218, 0.79514194,
  0.69934178,-0.21730665, 0.32410623,-0.12049607,-0.10866894,-0.75236696,
 -0.29183543, 0.37440166, 0.94437001, 0.80290411, 0.07395276,-0.46947481,
  0.8006097 , 0.85713226, 0.4380849 ,-0.25024536, 0.70186663, 0.17500211,
  0.8958442 ,-0.78338785, 0.10819961,-0.62638475, 0.42460928, 0.14158354,
 -0.65736346, 0.55769044, 0.51604476, 0.25321031, 0.92837064,-0.78385246,
  0.50355209,-0.81570167, 0.53567793, 0.84134309,-0.57563844, 0.79996463,
 -0.14354591,-0.97527245, 0.49800875, 0.13336775,-0.58581762, 0.89433938,
  0.46292832, 0.10296474, 0.32031966, 0.23149047, 0.82605562, 0.98221019,
  0.4333348 ,-0.64819251, 0.68569939,-0.62663394,-0.78424116, 0.82533357,
 -0.03022649, 0.58085051,-0.00363817,-0.55941393,-0.49735607, 0.88995454,
  0.28083437,-0.52227592, 0.54374339, 0.16096168,-0.27155963, 0.38963289,
 -0.43971098,-0.41873522, 0.9453803 ,-0.10510194, 0.91106208,-0.52944945,
  0.23670196,-0.48695996,-0.27163787,-0.34944254,-0.61617191,-0.46995755,
  0.80681979, 0.47068893, 0.4114634 , 0.16730278,-0.7675141 , 0.53839511,
 -0.81784293, 0.48627966, 0.48621854, 0.97707297, 0.33821004, 0.63426587,
 -0.71977402, 0.04786763, 0.41776286, 0.69526061, 0.51144441,-0.75728616,
  0.38763479, 0.30688613,-0.62273355, 0.65152109,-0.95422544, 0.64298635,
  0.45232138, 0.91709567,-0.41309694,-0.71894952,-0.53818063,-0.87735484,
 -0.80226073, 0.61129059, 0.68341484, 0.57667549, 0.69389203,-0.5934623 ,
 -0.85000312, 0.75790134,-0.99180399, 0.40899221, 0.91682108,-0.84702572,
 -0.56964214,-0.0711247 , 0.12772417, 0.11242938, 0.55336302,-0.79912812,
 -0.42572348,-0.83302696,-0.01499417, 0.87206662]
[-0.09185936, 0.04157855,-0.61563227,-0.82303127, 0.04407338, 0.87305528,
  0.75479392,-0.74509448,-0.86154748, 0.0622224 ,-0.55610043, 0.48015809,
  0.62630099,-0.7502371 , 0.47721488, 0.88485772, 0.95328207,-0.96978098,
 -0.20153689,-0.63467471,-0.54429703, 0.90986819,-0.56173972,-0.72827065,
  0.22805594,-0.79584359, 0.25980179,-0.65329009,-0.01389292,-0.37916772,
 -0.35712495,-0.31981616,-0.95668734, 0.03458549, 0.3288189 , 0.14458275,
  0.41453512,-0.90963985,-0.80589463, 0.23400416,-0.43377024,-0.079861  ,
 -0.42609738, 0.20678136,-0.54017512, 0.51209686, 0.07295325, 0.13063148,
  0.87907421,-0.36668581, 0.29123663, 0.89775239,-0.0663184 ,-0.89287854,
  0.68253419, 0.17543839,-0.23238345, 0.9317392 ,-0.01178011, 0.61465332,
 -0.41242097, 0.77513077,-0.39437719,-0.57831066,-0.69950213, 0.38194998,
  0.74307688, 0.32095921, 0.44666134, 0.30024867,-0.31700784,-0.25742939,
 -0.44996094, 0.95745971,-0.16504886,-0.5007068 ,-0.7651599 , 0.37719378,
  0.81243267,-0.53184233,-0.68342799, 0.71098998,-0.78808706,-0.22534078,
  0.27684378,-0.25236655, 0.14820881,-0.49405854, 0.83424611, 0.80422681,
 -0.90352193,-0.03366376, 0.01750641, 0.54788074, 0.05120587, 0.91409752,
 -0.55076291,-0.30215262,-0.32498412,-0.27096216, 0.68360431,-0.46933455,
 -0.06299408, 0.16888676, 0.64892635, 0.54421475,-0.91205369, 0.84250378,
  1.01767287,-0.7804872 ,-0.62930649,-0.65275082, 0.13532433,-0.71055007,
 -0.0181236 ,-0.6302579 ,-0.09398785, 0.78162528,-0.91670193,-0.01207576,
  0.93048377,-0.44815606,-0.11662539, 0.08792696,-0.71037057,-0.23397205,
 -0.31897985,-0.67251733, 0.58063238, 0.9250856 ,-0.89096089, 0.07043081,
 -0.69739113, 0.50779674, 0.258834  , 0.07452551,-0.28700766,-0.36948543,
  0.63989971,-0.43939696,-0.76748295, 0.64391636, 0.04327603, 0.75016368,
 -0.67118938, 0.94154175, 0.77653047,-0.9835319 , 0.86324635, 0.63652081,
 -0.24296131, 0.39722481, 0.61663242, 0.26183384,-0.87795751,-0.32995344,
  0.36716141,-0.20145688, 0.91593576,-0.82777188,-0.36240187, 0.24509327,
 -0.0667753 , 0.90540541, 0.68003963, 0.66172767, 0.33137889,-0.53706717,
 -0.53162884, 0.88008542, 0.94408989, 0.71055836,-0.75918776, 0.59698478,
  0.75979547,-0.64207503, 0.85273695,-0.46169009, 0.33933961, 0.49055075,
 -0.34242527, 0.53286   ,-0.93619676,-0.22143418,-0.28714556, 0.91448586,
 -0.10707109, 0.8360165 ,-0.39525034, 0.76039042,-0.25365948, 0.8893766 ,
  0.02892162,-0.12687372, 0.65598963, 0.76087069]
[-0.36619206,-0.41833384,-0.65831527,-0.26058666, 0.05594245,-0.85666327,
  0.3784583 ,-0.59630762,-0.17527054, 0.71701868, 0.56252932, 0.03783411,
  0.43714492,-0.26966685,-0.84915786, 0.05943869,-0.05330571,-0.62935311,
  0.2269046 , 0.09604735, 0.50775166,-0.44701417,-0.63465968, 0.60433431,
 -0.57370693,-0.10608137,-0.08308871, 0.50849808,-0.42601468,-0.56506921,
  0.65349974, 0.02380585,-0.01036414, 0.77995802,-0.67605403,-0.1473753 ,
  0.2044456 , 0.69922636, 0.7195224 , 0.87036494, 0.5914052 ,-0.27710482,
  0.86339253,-0.39577995,-0.52088814,-0.54596533,-0.00488733,-0.05499081,
  0.57366884, 0.66947714, 0.81810747, 0.61408788, 0.66574366, 0.17462752,
 -0.40988639, 0.31670286, 0.99305921,-0.35098081, 0.02750449, 0.62496272,
 -0.48422036, 0.43317419,-0.19007671,-0.24290985, 0.38259366,-0.5629119 ,
 -0.52335009, 0.75252258, 0.63898329,-0.34692904, 0.17689101,-0.79643011,
  0.37696857,-0.36933662, 0.22125454, 0.7154332 , 0.91994458,-0.79558151,
 -0.93914813, 0.67558954, 0.95499769,-0.70804715,-0.76248536,-0.03835493,
  0.90479728, 0.08771286, 0.96912087, 0.74292629,-0.7389231 ,-0.13779785,
 -0.29631749,-0.85480185,-0.97686351,-0.08568025, 0.18608983,-0.24551022,
  0.87883466, 0.10589979, 0.29350005,-0.91555017,-0.01497788, 0.1431946 ,
  0.58680915, 0.06021123, 0.41972529, 0.73921368, 0.61152148, 0.61179626,
 -0.44122932, 0.21669339,-0.97663495,-0.25806096, 0.19668207,-0.61006934,
  0.36127535, 0.22083706,-0.10408027,-0.13186984,-0.71982242,-0.77665456,
  0.91241232,-0.3301567 , 0.65556731,-0.33703103,-0.50624103, 0.78590155,
  0.79947052,-0.78302495, 0.90182812, 0.673057  ,-0.80561402,-0.65821827,
  0.3886057 ,-0.80192711, 0.21051666, 0.96407133, 0.19742179,-0.5575631 ,
  0.65085501,-0.96131999, 0.89268643, 0.00562942,-0.5745735 , 0.05392861,
 -0.65399413,-0.8531424 , 0.80247343, 0.72555618,-0.28094419,-0.56910933,
  0.82632937, 0.86102032, 0.89722691,-0.05218208,-0.37332467,-0.72599433,
  0.47786988, 0.18406385,-0.14017564, 0.27800593,-0.35714036, 0.16123469,
 -0.18244515, 0.20269136, 0.7693126 ,-0.90915995,-0.55781396, 0.49075288,
  0.55202775,-0.62213224,-0.14497519,-0.24863886, 0.91765543,-0.49208332,
 -0.03472221,-0.65061107,-0.58953985,-0.44682168,-0.10368713, 0.69706263,
 -0.5405676 , 0.5504523 , 0.67132315, 0.05473942,-0.88053197, 0.99503456,
  0.19234879,-0.72523366,-0.09057122, 0.1771544 ,-0.49244287,-0.22660182,
 -0.3848972 , 0.97131547,-0.31158166,-0.63989721]