NN backprop lr=0.0001, hidden nodes=[2]

        1 layer, [2] hidden nodes  
        clip max  = 50 
        activation = relu 
        max iters = 1000
        learning rate = 0.0001
    
train accuracy: 0.98905758446177, 0.990015045821365, 0.7503761455341267, 0.9901518260155929, 0.976884147175489, 0.7760908220489673, 0.5677745862399125, 0.9998632198057721, 0.9887840240733142, 0.9708658186294624
train acc mean: 0.8999863219805773
train acc std: 0.14179711611270204
test accuracy: 0.990159901599016, 0.991389913899139, 0.7650676506765067, 0.990159901599016, 0.981549815498155, 0.7724477244772447, 0.5473554735547356, 0.998769987699877, 0.992619926199262, 0.956949569495695
test acc mean: 0.8986469864698649
test acc std: 0.1454831593720616
loss: 0.3996506657584186, 0.008748934172384051, 0.17470293526533767, 0.4006049569551054, 0.017122055449825233, 0.26561050067951575, 0.30673646121166526, 0.006439503175767348, 0.009536194720660722, 0.022933180694780626
fitted weights: 
 [ 5.50381397e-01,-8.06183138e-01,-2.39921314e-02, 4.01544675e-01,
 -2.66866181e-02, 1.73394694e-01, 8.47075463e-01, 7.91463948e-01,
 -4.50630461e-01, 4.00113827e-01,-3.94760864e-01, 2.83481315e-01,
  4.75802212e-01,-9.82602777e-01, 5.39554298e-01,-6.73855745e-01,
 -1.07539917e+00,-5.04661392e-01,-7.26759048e-01,-4.18681191e-01,
 -1.13033472e-01,-4.75793127e-01, 3.01564374e-01,-2.18473008e+00,
 -1.31073119e+00, 1.46316692e+00,-1.04260291e+00, 2.21532187e-03,
 -7.98672611e-01,-9.28868820e-01,-6.13446532e-01, 1.48256803e+00,
  7.29027995e-01,-4.86790202e-01, 7.92659801e-01,-6.73505759e-01,
  1.44449552e+00,-6.68260194e-02,-5.62570089e-02,-5.36634069e-01,
 -2.44353593e-01,-5.15580435e-01,-2.42530968e-01, 1.01749148e+00,
 -1.26498217e+00, 2.30118508e-01, 9.04632997e-01,-8.18666841e-01,
 -4.22174447e-01,-4.08473170e-03, 2.02267601e-01,-2.07894231e-01,
 -4.23419867e-01,-4.04818747e-01, 1.72414632e+00, 1.46118912e+00,
  1.40137630e-01,-7.23001669e-01,-1.93212785e-01, 1.19561371e+00,
 -4.99878579e-01, 1.19430754e+00, 8.27651048e-01, 8.56718149e-01,
  9.87665014e-01, 1.47779273e-01,-1.21567001e-01,-4.57068771e-01,
 -4.19297146e-01, 8.65258709e-01,-4.34179230e-01,-8.76573918e-01,
  3.70311334e-01,-5.72378182e-01, 2.05645785e-01,-1.11200246e-01,
  5.04698379e-02,-4.74786978e-01, 5.24581422e-02,-4.70095696e-01,
 -1.31764185e-01, 2.24204993e-01, 1.22623968e-01, 3.22932671e-02,
 -3.26460600e-02,-1.47080473e-02, 3.40011252e-02,-3.02587148e-01,
 -6.43936530e-01,-5.95220928e-03, 1.54289416e-01, 1.73057132e-01,
  8.72552624e-01, 2.19981664e-01, 1.22004868e+00, 4.49928409e-01,
  2.33244749e+00, 3.19646740e+00]
[-3.44082191e-01, 3.63158255e-01,-3.34211954e-01, 4.41298526e-03,
  2.55717709e-03, 2.77901188e-01,-1.00236194e+00, 4.42829220e-01,
 -3.34460734e-01,-8.47411312e-02,-4.51820052e-01,-6.08776565e-01,
  9.05611941e-01,-3.92683334e-01, 9.16106459e-03,-4.39908223e-01,
  1.36138828e+00, 1.84969267e-01, 3.52015883e-01, 7.42708485e-01,
 -8.06376082e-01, 4.72671070e-01, 8.59283252e-01,-3.39565025e+00,
  1.42905758e+00, 8.07095475e-01, 9.94450972e-01, 1.48066065e+00,
  1.62281764e+00,-2.45954251e-01,-9.85773655e-01, 1.96033207e+00,
  8.24678967e-01,-1.19435844e+00, 1.54451167e-01,-5.79765600e-01,
 -5.74676288e-01, 5.51433442e-02,-2.65648742e-01, 5.86936489e-02,
  1.39483125e+00,-4.34375096e-01, 1.19736645e+00, 7.96517810e-01,
 -2.51504700e-01,-3.65329797e-01,-1.93769177e-01, 5.90867492e-02,
  4.10728738e-01,-8.28664253e-01,-8.03365053e-02, 9.69294178e-01,
 -5.28371076e-01, 2.71151676e-01,-7.37185844e-01, 2.07967072e+00,
  3.19452492e-01,-9.65812891e-01, 3.47170364e-01, 9.14096550e-01,
  6.52085901e-01, 1.11278043e+00,-1.46737334e-01,-5.17281307e-01,
 -1.01761544e+00, 3.01665208e-02, 8.60935719e-01,-4.92691993e-02,
 -4.89542260e-01, 1.33470187e+00,-9.86998725e-01, 2.20429506e-01,
 -1.51161186e-02, 2.31819278e-01, 2.54407695e-01,-2.16536208e-01,
  1.16580399e-02,-6.67218057e-01,-6.43434028e-01,-3.96731306e-01,
 -6.44385504e-01, 1.86346530e-01, 7.49691878e-01, 7.79500554e-02,
  1.24518067e-01, 1.08346139e+00, 8.73936100e-02,-9.99561804e-01,
  7.52390224e-01,-1.69701132e-01,-1.91370103e-01, 1.28338948e-01,
  1.69169156e-01,-2.87866400e-01, 1.27221767e-01, 3.38940758e-01,
 -3.04898285e+00, 4.70075319e+00]
[ 0.06801589, 0.03595167,-0.19669566,-0.44067658,-0.32669923,-0.55000087,
 -0.22821243,-0.59815839,-0.18856787,-0.55140792, 0.0187966 ,-0.15315711,
  1.22473874, 0.35139595, 0.25189675,-0.01437876, 0.60601745,-0.67529512,
  0.02124051, 1.60153299, 0.04373138, 1.67878819, 1.7551474 ,-0.27163882,
 -0.24791338,-1.42984598,-0.44062699,-1.06548433, 1.86034624,-1.85501703,
 -1.25097949, 1.13617235, 0.82842565,-1.14520574, 1.07573773,-0.41500969,
 -0.07794184,-0.10505602, 0.06493283,-0.61241942, 1.37492054,-1.51430719,
 -0.45670459,-1.77345635,-0.60670042, 0.08088813,-0.26214564, 0.28081375,
  1.11334464, 0.9273603 ,-0.81465946, 0.5974775 ,-0.26381752, 0.01881246,
 -1.96023439, 1.00245671, 0.51885512, 1.08619244,-0.36656202,-0.8941621 ,
 -0.36433275,-0.90049497, 0.44656907,-0.54597422,-0.1176958 , 1.28930335,
 -0.12575329,-0.81027262, 0.63533296, 1.60827618, 0.32598873,-0.00803618,
 -0.15911406, 0.41768493,-0.38754278,-0.18298174, 1.18255327, 0.67824569,
 -0.2881311 ,-0.13388584,-0.59499683,-0.1993758 , 0.83411937, 0.35821594,
 -0.94497198,-0.45586304, 0.38211277,-0.22195296, 1.16315058, 0.31338922,
 -0.21297246,-0.94913328,-0.13201699,-0.2536508 , 0.21367814, 0.5788336 ,
 -3.15046357, 4.13046432]
[-0.65325269,-0.14856237,-0.1108067 , 0.29315852,-0.01273802, 0.40335883,
  0.13644624,-0.09424482,-0.10041712, 0.28847507,-0.66783256, 0.94468878,
 -0.05088517,-0.50310918,-0.08010699,-0.49455819,-0.16462157,-0.80718476,
 -1.31972607, 0.48079546, 0.4450047 ,-0.00351206, 0.33934674,-2.44516156,
 -1.44512563, 0.74964673, 0.76474062, 0.35465074, 0.75067142,-0.63542368,
 -0.45652288, 1.64853995,-0.0159066 ,-0.85625131,-0.8238351 ,-0.18558264,
  0.08034332, 0.10529531, 0.96607852,-0.21967799, 0.58581655,-0.52398236,
  0.78908144, 0.7055638 , 0.13412783, 0.17555653,-0.45070458,-0.40824624,
 -1.59765406, 0.92023463,-0.09974892,-0.84243054, 0.85262432,-0.27860635,
 -0.2808646 , 2.05356124, 0.9071494 ,-1.38185025,-0.66258816, 0.51437079,
 -0.66160753, 0.51554738,-0.48487584,-0.28077537,-0.49193198,-0.04979652,
 -0.80643306,-0.72025089, 0.2615739 , 0.28780076, 0.33105747, 0.56897866,
  0.29523585,-0.55733235,-0.99749927,-0.03821591, 0.65377854,-0.27645441,
  0.654049  ,-0.25725655,-0.73455593, 0.68365592,-0.10154995,-0.38531759,
  1.69150082,-0.74332106, 0.25897004,-0.9275649 ,-0.37417854,-0.51901627,
  0.61378409, 0.00829338,-0.92714314, 0.38824329,-0.25032723,-0.39631782,
  2.02797447, 3.39599922]
[ 3.82765253e-01,-3.98833716e-01, 5.65079621e-02, 3.38206647e-02,
  6.26510797e-02, 3.28535625e-02,-7.84148396e-01,-6.49723286e-02,
  2.09193900e-03, 3.51672800e-02,-4.98105507e-02,-4.08624415e-01,
 -1.63936081e-01, 7.22622918e-01, 1.37674007e-01, 3.01992927e-01,
  4.63421672e-01, 1.15700113e+00,-2.26196417e-01, 7.31252664e-01,
  7.44486951e-01,-4.81816310e-01,-3.65996022e+00,-1.08487488e+00,
  9.05133192e-01, 1.83967308e+00, 1.30208051e+00, 1.20259287e+00,
 -1.72908695e+00, 2.99551476e-01, 1.13488470e+00,-1.04213387e-01,
 -1.17044439e+00, 5.73808193e-01,-1.00021652e+00, 1.17877090e-02,
 -4.77963721e-01,-5.81473432e-01,-4.53685824e-01,-6.18001920e-01,
 -2.85235821e-01, 7.77814835e-01, 2.81979754e-01, 6.70323108e-01,
 -2.06505392e-01,-6.10941009e-01,-2.44592760e-01,-5.77336426e-02,
  7.44705154e-01, 4.11040062e-01,-6.57197121e-01, 2.45184776e-01,
 -6.16418091e-01,-1.85973947e-01, 1.41026055e+00,-7.56178942e-01,
 -1.29410387e+00, 1.41696222e-01, 5.16254468e-01, 4.51781389e-01,
  4.95558019e-01, 4.52616350e-01, 3.15175553e-01,-7.65121291e-01,
  8.26708033e-01, 1.56203773e-01,-8.69310207e-01,-6.04944213e-01,
  2.89237281e-01, 1.64072195e-01, 5.06639160e-01, 5.34654492e-01,
  9.88817884e-02, 2.05226619e-01, 1.68581357e-01,-1.40978878e-01,
  1.02176037e-02, 1.00283979e+00,-2.12003054e-01,-2.03651209e-01,
 -2.29820242e-01,-6.62758095e-01,-2.05122378e-01, 1.00279393e+00,
  1.74035844e+00, 5.70818935e-01,-5.44555485e-01, 6.26606972e-01,
 -7.40766286e-01, 7.55763386e-01,-1.06089128e+00,-5.74057987e-01,
  9.64349999e-01, 8.15496432e-01, 1.60258124e+00, 4.28864856e-01,
  4.97028247e+00,-2.44024076e+00]
[ 0.08267013,-0.21397124, 0.2184372 , 0.3837721 , 0.76404207, 0.7609116 ,
  0.31819452, 0.10247998, 0.03594577, 0.39369202,-0.67359386,-0.36334832,
 -0.24394132, 0.36993722,-0.55881359,-0.05560385,-1.29463327,-0.47370323,
  0.02370304, 0.24680311, 0.88310692,-1.31127304,-1.20411441, 0.17923298,
 -0.53421639, 2.2349742 ,-0.96836483, 0.23368645,-0.9344745 ,-0.78758987,
  0.1577992 ,-0.84971873, 0.47475482, 0.13224906,-0.82954558, 0.52643478,
  0.34211038,-0.65625679,-0.79564824,-0.18337183,-0.51234342, 0.97915793,
  0.56103108, 0.36053297,-0.81170962,-1.4962707 , 0.33281253,-0.36537223,
  0.83527379,-1.16132693,-0.17785795,-0.80569479,-0.61241624, 0.86218485,
  1.10447302,-0.1695406 ,-0.51087083, 1.3490254 ,-0.44061074,-1.14626395,
 -0.43929142,-0.94391445, 0.5109    ,-0.23205685, 1.02491969,-0.33285325,
  0.56530581,-0.7031292 , 0.87184589, 1.24554654, 0.68535979,-0.75568612,
  0.0794543 ,-0.53407916, 0.04836522,-0.65246372,-0.0237934 , 0.33497512,
 -0.02304569, 0.28265327,-0.2555099 , 0.28932424, 1.10813839, 0.25044544,
  1.18524472, 0.43024344,-0.36583607, 0.11664042, 1.03925783, 0.97010682,
  1.11134716,-0.25486139,-0.09054071,-0.07250454, 0.56502861,-1.44552183,
  2.84763738,-3.28764339]
[-0.66813637,-0.38576548, 0.47463585, 0.03823587,-0.30447218, 0.01604093,
 -0.51665246, 0.04403663, 0.19899452, 0.04192771, 0.62822508,-0.8458672 ,
 -0.02443594, 0.93416491,-0.02236288,-0.00885329,-0.90278503, 0.98813161,
  0.09210229, 0.16080069,-0.13517012,-1.16829102,-0.71309977, 2.26987989,
  0.16345625, 0.4199338 , 0.66808765, 0.39419425,-0.78338899, 1.08108938,
  0.23557511,-0.89838869,-0.13975864, 2.09740403,-0.90246901, 0.4176149 ,
 -0.34376046,-0.34710074,-0.47846154,-1.09883446, 0.5682487 , 2.50085299,
 -0.69377359, 0.80171663,-0.27794303,-0.553159  , 0.26701931,-0.21193161,
 -0.55769423,-0.68941389,-0.07260192, 0.27758366,-0.59196475, 0.84463447,
 -0.35570205,-1.90014945,-0.39019658,-0.16802811, 0.53876701,-0.53270605,
  0.67852282,-0.53415568,-0.54334897,-1.11024304, 0.26172126,-1.02371778,
  0.15035387,-0.18991975, 0.77660336,-0.38546003, 0.08048455,-0.20481999,
  0.64693725,-0.83834481,-0.72054387, 0.64620734,-0.27317767, 0.65102966,
 -0.53191856,-0.54666771, 0.61181852,-0.54959242,-0.78335044, 1.00364217,
  0.39434509,-0.13091271,-0.66869653, 0.59452036, 0.14289058, 1.71089738,
  0.27108846, 0.44452401, 0.68676291,-0.63541525,-1.07422453,-1.5579091 ,
 -0.75172399,-3.76338459]
[ 0.96771592, 0.37634484,-0.02286235, 0.29023349,-0.59117485,-0.0692138 ,
  0.79079433,-0.27845295, 0.49638895, 0.69721354, 0.30744431,-0.0653499 ,
 -0.3841893 , 0.98069524,-0.2415825 , 0.01880859,-0.14057108, 0.47760596,
  0.99964601,-0.17944843,-0.07124261,-0.84490368,-0.45852743, 3.1458761 ,
  0.13420701, 0.90848226,-1.13179707,-0.05913713,-1.08547574, 2.89560698,
 -0.1013795 ,-1.9364037 ,-0.98525951, 2.68717785,-0.33092212, 0.28909395,
  0.03456807,-0.14297581, 0.83382374,-0.57013524,-1.16138966, 3.19251892,
 -0.49685096, 1.5812308 ,-0.7169553 , 0.2257255 ,-0.46040127,-0.7604909 ,
  0.67270137, 0.41768985, 0.29772176,-0.66720291, 1.39637845, 0.02114476,
  1.91913356,-2.1720757 ,-0.43587191, 0.16386152, 0.48474372,-0.3621326 ,
 -0.18698344,-0.77596648, 0.04699871,-0.87751675, 0.76770241, 0.36912076,
  0.25598767,-0.26318975, 0.06948028,-0.947888  , 0.66057662,-0.20459281,
 -0.12422879,-1.04476351,-0.49392996,-0.58858859, 0.08114587,-0.10210362,
  0.34657782,-0.70237611, 0.11041776,-1.23751606,-0.78605485, 1.06046817,
  0.46689398,-0.0890754 ,-0.09470849, 0.0612816 ,-0.94041176, 1.43223595,
 -0.47447622, 0.92696109, 0.79839858,-0.24158622, 2.07010945,-0.68713409,
  3.11488846,-4.97965917]
[-0.15908751, 0.07823957,-0.68769224, 0.08379135,-0.68571933, 0.08130187,
 -0.2317507 ,-0.15734933,-0.77313642, 0.08437512,-0.36575123,-0.76098471,
 -0.097097  , 1.52844891,-0.06349327, 0.42383528,-0.43943831, 0.65756796,
  0.71161073, 0.03899696, 1.0796986 ,-0.19508059,-3.63847961, 0.32486631,
  0.91384411, 1.16702694, 1.20078862, 0.85842183,-1.35620866, 0.71345759,
  1.63781745,-0.61433471,-0.5278377 , 0.88188149,-0.33290692, 0.97914596,
  0.22920144, 0.30402863,-0.51002189,-0.09810523, 0.45598751, 1.44056215,
  0.9189608 , 1.20506033,-0.38903504,-0.2076509 , 0.84444369,-0.56675984,
 -0.79532075,-0.27306763,-0.78705563,-0.68574278,-0.44397111,-0.16000672,
  0.7767477 ,-1.14277394,-1.77997534, 0.16352653, 0.56618227, 0.16756396,
  0.98961304, 0.86514689, 0.52367292,-0.62883431, 0.72635894,-0.2185471 ,
 -0.62508036, 0.55236206, 0.79341006,-0.30296758,-0.52335759,-0.89106663,
  0.60752173,-0.04631513,-0.53535349, 0.29283798,-0.43126998, 0.50617617,
 -0.20974396,-0.81150792, 0.28064791,-0.81139177, 0.05970225, 0.82256075,
  1.21910842, 0.20446783,-0.76229962, 0.53444645,-0.71584345, 0.65821222,
  0.83814682,-0.10327409, 0.32154246,-0.95488534, 1.51224647,-0.09673471,
  4.83588419,-2.95499428]
[-0.29471542,-0.02562294,-0.0816455 , 0.1822465 ,-0.08963236, 0.160826  ,
  0.54879993, 0.27039792,-0.09191554, 0.27564972,-0.79944384, 0.39116069,
 -0.68662232, 0.79251423,-0.65994896,-0.25727681,-0.46760198, 0.13861873,
  1.10418065,-0.80559106, 0.51325992,-0.05790769,-2.58067464, 0.88055525,
  0.86864558, 1.38051483, 0.69400651, 0.23549563,-1.36028556, 1.66180674,
  1.85504727,-0.13463775,-1.76785745, 1.69660901,-0.67942158, 0.11821384,
 -1.17619033,-1.20093039, 0.56803776, 0.01650112,-0.64416832, 1.69965031,
 -0.39058686, 0.90966975, 1.1374289 , 0.38906775, 0.24607256,-0.21511259,
  0.19691191, 1.15407427, 0.77428867,-0.00927912, 0.99488413, 0.25285686,
  1.70251526,-0.97990383,-1.71460535,-0.04677975, 0.72402964,-0.34031301,
  0.69443469,-0.37005131, 0.63684933,-0.28322815, 0.5533206 ,-0.76685707,
 -0.32687211, 0.5476395 , 1.74660461,-0.20497731, 0.52042175, 0.0851348 ,
 -0.8543328 ,-0.68195106, 0.67422526, 0.30967256, 0.7206325 , 1.33570887,
  0.31295719,-0.30145594, 0.42003222,-0.66469092, 0.08577975, 1.48415817,
 -0.22174551,-0.86401237,-0.21141463, 0.15879448,-0.72560892, 1.15354712,
  0.44989187, 0.5440055 , 0.61645859, 0.4577657 ,-0.10462741, 0.04903422,
  4.9360329 ,-3.1339705 ]