NN backprop lr=0.001, hidden nodes=[2]

        1 layer, [2] hidden nodes  
        clip max  = 50 
        activation = relu 
        max iters = 1000
        learning rate = 0.001
    
train accuracy: 0.5631240596361646, 0.5653125427438107, 0.5695527287648748, 0.5635344002188483, 0.5666803446860894, 0.5633976200246205, 0.565038982355355, 0.7092053070715361, 0.7629599234030913, 0.6688551497743127
train acc mean: 0.6097661058678703
train acc std: 0.07124677993206356
test accuracy: 0.5891758917589176, 0.5694956949569495, 0.5313653136531366, 0.5854858548585485, 0.5571955719557196, 0.5867158671586716, 0.5719557195571956, 0.7072570725707257, 0.7896678966789668, 0.6912669126691267
test acc mean: 0.6179581795817958
test acc std: 0.07832426271079168
loss: 0.6002869316644206, 0.6565950773753119, 0.6931471805599452, 0.6365054220332511, 0.5282405653635833, 0.32588863574915833, 0.4049533392119792, 0.6539152827251602, 0.5554943848509094, 0.620629582029656
fitted weights: 
 [-0.90963725, 0.17105659,-0.34298488,-0.41001613,-0.20013473, 0.61329607,
 -0.42970732, 0.15708474, 0.29571376,-1.20276564, 0.24559881,-0.50974412,
  0.23153486,-1.1683553 ,-0.08722115,-1.51812224, 1.61073057,-1.5699776 ,
  0.17958605,-1.18762009,-0.18070181,-0.01040462, 0.36826529,-1.51056856,
 -1.20122705,-1.2920891 ,-0.61852476,-1.72526087, 1.05007612, 0.21195139,
 -0.53814988,-0.17701078, 1.0252272 , 0.79893368,-0.9452861 ,-1.45600995,
 -0.16741357,-0.40953139, 0.84103894,-0.32419479, 0.21658073,-0.83337609,
  0.01649552,-1.24559652,-0.59208412,-0.82710316, 0.32388272, 0.800773  ,
 -0.47288171,-1.11247982,-0.77323526,-0.33078109,-0.00840451,-1.93243681,
 -0.16033532, 0.41851543, 0.42643639,-0.50981905, 0.6816935 ,-1.1736407 ,
  0.14800052,-1.2999444 ,-0.13594264, 0.56442083, 0.27740756,-0.80158387,
 -0.75841142, 0.24283941,-1.07114258,-1.25482936, 0.06561914, 0.30933932,
 -0.6986557 , 0.27565052, 0.85772273,-0.39290786, 0.81713734,-0.34338742,
 -0.94781896,-1.42742264,-0.93587876,-1.04148388,-0.50049089, 0.20404024,
 -0.40967179,-0.11420047, 0.20033186,-0.19320777,-0.79581374,-0.69486652,
  0.44403093, 0.03972053,-0.64311283,-0.61376211, 0.17185737,-1.33057089,
 -3.50248662,-1.96816917]
[ 0.70517573,-0.44298084,-0.32076692,-0.57161965,-0.46964078, 0.61971111,
  0.07441291, 0.02620276,-0.48301996,-0.04912366, 0.32092431, 0.14375906,
  0.28424464,-0.02572271, 0.3353923 , 0.30914983, 0.6603404 , 0.64960937,
 -0.53652077,-0.46052137, 0.43825415,-0.57679845, 0.85165863, 0.08941231,
 -0.31426901, 0.26576759, 0.60852136,-0.96978098,-0.52931013,-0.20895165,
  0.0902793 , 0.82239661, 0.67131285,-0.24080742, 0.74000832, 0.91892509,
 -0.49388773,-0.16095533, 0.65831992,-0.40376374, 0.81575688, 0.22491956,
 -0.04320941, 0.44067379, 0.22924139,-0.45391107,-0.07557698,-0.82608273,
  0.67611722,-0.28991784,-0.73504016, 0.78178033, 0.62072367,-0.55053585,
 -0.98317434, 0.52370184,-0.51840006, 0.88334438,-0.93281007, 0.85592942,
 -0.22415169,-0.54608935, 0.86884793,-0.70519823,-0.45236577, 0.76126157,
 -0.94376325, 0.9646609 , 0.66771154, 0.46385024,-0.90115405,-0.09139799,
 -0.79142008,-0.86462177, 0.5935624 , 0.93219068,-0.22103553, 0.3460383 ,
 -0.44989914,-0.98645959,-0.92327489, 0.46736813,-0.50342314, 0.51735036,
  0.42131281,-0.58136718, 0.35510804, 0.59545345, 0.81356959, 0.32257588,
  0.7238087 , 0.54086359,-0.80001709, 0.50096244, 0.62717021, 0.60057995,
 -0.0753935 ,-0.10424509]
[ 8.62002151e-01, 3.85604896e-01,-7.53548194e-01,-7.05366962e-01,
  8.54986560e-01,-4.64005727e-01,-3.13032518e-01, 9.47470104e-01,
 -3.71402222e-01,-1.48000989e+00,-7.08501097e-01, 4.77516878e-01,
  2.17994699e-01,-2.84742074e-01,-1.11286682e+00,-8.01032581e-01,
 -1.04754343e+00,-9.78115033e-01,-4.50733730e-01,-1.54135489e+00,
 -5.22713016e-01, 7.55100350e-02, 6.36874967e-02, 6.15246960e-01,
 -3.20522323e-01,-1.10348412e+00,-9.82098719e-01,-1.19125266e+00,
  6.82531045e-01, 7.65016808e-01, 1.39251113e-01,-7.48819871e-01,
  7.43740839e-02, 1.56643965e-01,-7.97904462e-01,-6.69156999e-03,
 -8.01463568e-01,-1.45826728e+00,-5.09570688e-01, 7.87484835e-01,
  7.36135939e-01,-5.62290233e-01,-1.30489927e+00,-3.01326095e+00,
 -5.76371539e-01,-8.72874102e-02,-6.26189242e-01,-9.18168377e-01,
 -8.12806677e-01,-2.95384745e+00, 3.23322191e-01,-8.42667064e-01,
 -4.05553407e-01,-1.32945763e+00, 6.87253842e-01, 2.00241640e-01,
  5.62367918e-01, 3.93235815e-01, 2.38345795e-01,-8.28959942e-01,
  2.10708368e-01,-1.55093007e+00, 4.24363253e-01, 5.43438272e-01,
  3.85001249e-01, 1.58717647e-01,-9.23895985e-01,-6.89144242e-01,
 -1.03703479e+00, 2.39128176e-01, 2.65911830e-01, 4.58372990e-01,
  1.79083957e-01,-2.56644020e-01, 2.16247172e-01,-3.65514102e-01,
 -5.80329278e-01, 3.35404914e-01, 7.78942155e-02,-3.18025256e-01,
  3.23356462e-01,-7.16530066e-01, 1.30453273e-02,-3.56168328e-01,
 -3.47935470e-01,-8.55879530e-01, 8.77757898e-02,-5.31555671e-01,
 -3.00226219e-01, 5.32469372e-01, 3.68490106e-01,-4.48862384e-01,
  5.55189038e-01,-2.13330322e-01,-7.98362729e-01,-1.97656647e+00,
  2.55823456e+00, 8.31718989e+00]
[ 2.59061302e-01, 9.88944016e-01, 6.36551200e-02, 1.61380509e-01,
  4.79011548e-01, 5.32558085e-01,-1.95268035e-01,-3.53184701e-01,
  1.10849050e-01,-9.67853149e-01,-4.70813599e-01,-8.05404822e-01,
  2.88187863e-01,-3.13643370e-01, 1.14864442e-01,-3.51088415e-01,
 -9.27935270e-01,-6.09272923e-01,-7.19374290e-01, 2.59260065e-01,
 -3.30979588e-01,-4.32167955e-01, 5.62872751e-01, 8.19834403e-01,
 -6.24756937e-01, 3.30731680e-02,-7.13237851e-01,-2.02928066e-01,
  6.20718996e-01,-2.04522664e-03,-6.71094320e-01,-7.45559572e-01,
 -8.85427829e-01, 2.30494809e-01, 7.05872250e-01,-2.12318728e-01,
 -9.27240459e-01,-1.75100663e-01, 2.84069901e-01,-4.04030803e-01,
  8.76585241e-01,-4.50005560e-01,-1.26098611e+00,-5.30196530e-01,
  3.07321532e-02, 2.20129324e-01,-1.00054369e+00,-7.40664484e-01,
 -8.66339723e-01, 2.98034479e-02,-9.56473869e-01,-4.64250474e-01,
 -8.10362096e-01, 1.30175917e-01,-6.17075357e-01, 2.00945660e-01,
 -8.04054672e-02, 2.49142567e-01,-9.19047816e-01,-5.57253756e-01,
 -8.46004648e-01, 4.54357594e-01, 2.42006540e-02, 5.90986828e-02,
 -7.70195064e-01, 2.47290387e-02, 5.59264384e-01, 1.33205951e-01,
 -3.33464724e-01, 7.37914778e-01,-8.18953962e-01,-7.66088164e-01,
  3.60260970e-01,-5.40694002e-01, 2.85597205e-01,-1.49072530e-02,
  6.24079350e-01, 2.53466369e-01,-4.02024824e-02, 2.50690636e-01,
 -1.09540585e+00, 8.80420142e-01,-1.20286593e+00,-3.68578958e-01,
  7.70580566e-01, 2.11634000e-01,-1.56091666e-01,-1.84748407e-01,
  3.37857825e-01,-7.82715510e-01, 4.55806905e-01,-1.49266450e-01,
 -3.65437640e-01,-6.36494941e-01,-2.24635850e+00, 5.46217512e-01,
  1.59643321e+00,-5.74854267e-01]
[-1.23457963e-01,-3.22168111e-01,-6.59995094e-01,-2.26645280e+00,
 -2.50457705e-01,-2.40286866e-01,-2.54001981e-02, 9.57318060e-01,
  5.45988658e-01,-2.27842334e+00, 6.18006841e-01,-7.33223192e-01,
 -7.20482959e-01,-1.40733120e-01, 2.05768920e-01,-1.25731100e+00,
 -1.03640546e+00, 1.23300922e-01, 1.94270287e-01,-4.26884881e+00,
 -9.61893159e-01,-1.04770678e+00,-1.23529291e-01,-2.12177523e+00,
  3.05007186e-01,-1.16393851e+00,-3.58828334e-01,-2.32697609e+00,
 -1.10462792e-01,-4.82837547e-01, 2.43214094e-01,-1.78207760e-02,
  1.01373615e+00, 7.77808424e-02, 9.84706338e-01,-2.36728604e+00,
 -1.07402930e+00,-8.33819025e-01, 4.68246397e-01,-9.13761501e-01,
 -3.40405101e-01,-1.94579811e+00,-8.26039285e-01,-5.68693483e-01,
 -9.24127314e-01,-2.03390369e-01,-7.07594585e-01, 1.38947662e-01,
 -5.17894062e-02,-4.01117939e+00, 8.87021438e-01, 6.09908543e-01,
  4.52899898e-01,-3.09133976e+00,-1.27945281e-01,-8.43137618e-01,
  4.85200682e-01,-2.64652906e+00, 1.07913711e-03,-7.11592737e-01,
 -4.67629417e-01,-4.67096419e-01,-4.56343077e-01,-7.74432541e-02,
  8.72682248e-01, 3.56327409e-01,-5.63345981e-02,-4.32492972e-01,
  2.64903519e-01,-1.94075612e+00,-2.02096685e-01, 3.67237861e-01,
 -7.38590843e-02, 6.60650448e-01, 6.45730065e-01,-8.45584081e-01,
 -8.48513094e-01, 2.36490958e-01, 9.30424461e-01,-1.97732107e+00,
  4.90767706e-01,-3.64300130e-01,-2.71304802e-01,-9.65749231e-02,
  7.73498362e-02,-6.69041388e-01, 1.73069233e-01, 8.76803709e-01,
  5.22927163e-01,-1.11238690e+00, 7.28799467e-01, 3.19191466e-02,
  5.92064727e-01, 7.02108278e-01, 3.37956670e-01,-2.95779402e+00,
 -9.57287112e-01, 1.00334013e+00]
[ 0.3525823 ,-0.52474805,-0.09911338,-0.25009318,-0.11021606,-0.31539195,
 -0.16849862,-0.64720182,-0.07473474,-1.41673993, 0.0976328 , 0.37527633,
  1.09365918,-1.18388823, 0.2689658 ,-1.27533878, 1.78730966,-0.88376512,
  0.54957747,-2.79934988,-4.91538113, 0.203169  , 0.74698929,-1.47932184,
  1.08219566,-1.44781785,-1.06981813, 0.0479223 , 2.79345409,-1.36032677,
 -0.08560324, 0.07506313, 2.18887646,-0.8191481 ,-0.1133439 ,-1.92919908,
 -1.16699657,-2.12755972, 0.70657719, 0.78860833, 3.3724697 ,-1.64431177,
  0.65575231,-1.32714544,-1.19348268, 0.4297161 ,-0.73632517,-0.13487627,
 -0.08902238,-2.67875757,-1.00131421,-0.63326679, 0.95090649,-3.70505185,
 -2.90447727, 1.01969007, 0.57856044,-1.33867286,-1.14610197, 0.20066741,
 -1.13861369,-0.57363938,-0.76989842, 0.98691824,-0.30409845,-0.38426184,
 -0.10021737, 0.79065742, 0.77977599,-0.45792923,-0.32747395, 0.14375738,
 -0.89091317,-0.52978811, 0.3345369 , 0.63644065, 0.94105832, 0.10325189,
 -1.26669743,-1.02830782,-1.2194378 , 0.10469252, 1.42334919,-0.32324855,
 -0.05942314,-0.97054843, 0.93759702, 0.54577559, 2.19492581,-0.90073884,
  1.2687726 ,-0.03117027, 0.24691745, 1.063198  ,-0.54939022,-1.68755595,
 -2.73119655,-2.3098343 ]
[-0.42128604,-0.4617986 ,-0.66115884,-0.22085444,-0.30105836,-0.11170663,
  0.55783328,-0.04745554,-0.86377427,-0.20251133,-0.47806312,-0.86239808,
  0.03257576, 0.34287701,-0.54545848, 0.0490769 ,-0.37705077,-0.88689198,
 -1.43717753,-0.17094645,-0.84161712,-1.35109115, 0.82435654,-0.97558832,
  0.07156423, 2.31760845, 0.37786968,-0.48712441,-0.82038287, 1.21087111,
  0.05419823,-0.20793326,-0.59140461, 1.21323459, 0.79618752, 0.63005299,
 -0.64257984,-0.62444385, 0.29573131,-0.34116669, 0.01009295, 2.15180238,
 -0.64193101, 0.10574565,-0.32615854,-0.14933161, 0.7537683 , 0.15001931,
 -1.49691406, 0.05061128,-0.0067573 , 0.24419342,-0.07714124, 0.58150505,
 -0.73536546,-2.05528347, 1.26361685, 1.69819793,-1.15535722,-0.55361765,
 -1.14557804,-0.59025888,-0.48351865, 0.26110357, 0.74804165, 0.94680977,
  1.00810954,-0.75888646, 0.77015125, 1.03782008,-0.20223901,-0.14778075,
 -1.09357131,-0.89514873,-0.69513353, 0.14276951, 0.21141766, 0.07803294,
 -0.05448478, 0.13811215, 0.26981382, 0.24045096,-0.31860397,-0.33389995,
  0.17434902,-0.13201521, 0.69518801, 0.10559338, 0.99748457, 2.52517071,
 -0.19075784, 0.22958317, 0.57814512, 0.78073213,-0.77540146,-0.55823617,
 -0.91773946,-1.96529685]
[ 0.19240362,-0.19780523,-0.26662928, 0.14932372,-0.15860269, 0.45963022,
 -0.32402101, 0.88429605, 1.06574255,-0.86383116, 0.55077952, 0.62181641,
 -0.07445806,-0.08182042,-0.5018625 ,-0.96988453, 0.3137394 ,-0.3895918 ,
 -0.06424546,-0.92281011,-0.3327236 , 0.93005251,-0.04146142,-0.33330051,
  0.73277085,-0.10931821,-0.12825726,-0.51555267,-0.85920479,-0.44856705,
 -0.35377923,-0.95385699, 0.97156537,-0.92191671,-0.20825733,-0.50597978,
 -0.43725242,-0.79284293, 0.75010741,-0.89490554,-0.67820283,-0.66311016,
  0.44145626,-0.63073938,-0.98859128,-0.54357067, 0.94430301,-0.37603599,
 -0.65217622,-0.36579462,-0.27048992,-0.05793974,-0.71830159,-0.07633228,
  0.94766723,-0.75964601,-0.12639876,-0.0728094 , 0.99916035, 0.18598863,
 -0.35899206, 0.06520206, 0.78852547, 0.88907744, 0.44082709,-0.68196238,
  0.19382289, 0.04527492,-0.40621978, 0.74061299,-0.30856889,-0.16150905,
  0.57113292, 0.62428644, 0.69782125,-0.44467995, 0.45335509, 0.87511824,
 -0.39133344, 0.46582643, 0.7384256 , 0.40909814, 0.44382992,-0.77173689,
 -0.18857077, 0.8508157 , 0.3029786 ,-0.30107249, 0.49606616,-0.97877712,
 -0.56596391, 0.88041074,-0.36291406, 0.82715913,-0.25819351,-0.14747921,
  1.0330747 ,-0.65697478]
[ 1.01982009e+00,-4.79977471e-01,-6.43405394e-02,-7.26902516e-01,
 -5.32580600e-02, 5.12769327e-01,-8.22585518e-01, 7.01132880e-01,
 -2.79537077e-01,-7.02198835e-01, 8.37517018e-01, 6.36061055e-02,
  1.93951765e-03,-2.56072540e-01, 1.66190031e-02,-3.98924367e-01,
 -8.84593635e-01,-2.06489793e+00,-1.90103327e-02,-2.99106469e+00,
  1.77544658e+00,-1.79227815e+00,-1.74489265e+00, 7.63232540e-01,
 -1.38697794e-01,-1.63569233e+00, 3.72933766e-01,-2.38599966e+00,
 -1.10357566e+00, 9.15659681e-01, 8.23629307e-01,-1.05765621e+00,
  4.57868825e-01, 5.07760715e-01,-3.07092380e-01, 7.07725275e-01,
  1.40966060e-01,-2.03232482e+00,-4.69659568e-01,-4.23704983e-01,
 -8.27478869e-01, 1.87045140e-01,-9.80151378e-03,-2.95345471e+00,
 -5.84404577e-01,-6.55370518e-01, 1.97939976e-01, 5.87892631e-01,
 -7.56080310e-01,-1.67885603e+00, 5.17212093e-01, 5.08572780e-01,
 -5.70130265e-01,-1.03537238e+00, 2.82021079e+00,-7.14358150e-02,
 -2.71551479e-01, 1.08742341e+00, 2.60558202e-01,-7.22482703e-01,
  2.58188161e-01,-6.08950725e-01, 4.73790453e-01,-9.25703328e-01,
 -2.69222972e-01,-1.02610754e-01,-6.39370873e-02,-3.40675451e-01,
  3.77147766e-01,-3.16444897e-01, 5.74350142e-02, 4.49604309e-01,
  9.24384193e-01,-1.34070559e-01,-5.48526822e-01, 3.66994969e-01,
 -7.67801828e-01,-8.02569347e-01,-6.91926350e-01,-8.69785534e-01,
 -7.37023752e-01,-3.59994681e-01, 1.08210452e+00, 7.92985331e-02,
  1.96329986e+00,-7.14263523e-01, 4.50185950e-01, 8.57710505e-01,
  4.58300652e-01,-4.22382864e-01,-7.38777689e-01, 1.34859703e-01,
  8.58422999e-01,-5.78311387e-01, 1.48411291e+00,-2.39082707e+00,
  3.42168591e+00,-3.12701138e-01]
[ 0.05988636,-0.55595458, 0.20532209, 0.41675395, 0.19099026,-0.9884683 ,
 -0.73133129, 0.7606075 , 0.06303463,-1.12115547, 0.08863159,-0.14626781,
  0.08000446,-0.67723273, 0.07747395, 0.10299247, 0.22687791, 0.12307947,
 -0.5137266 ,-1.56397727, 1.70760863,-0.30356868,-0.57819323, 0.46510495,
 -1.36784828,-0.17643069, 0.28878741,-0.98183037,-1.31409382,-0.84834158,
 -0.77711181,-0.57503997,-0.24616683, 0.09003031,-0.02579217, 0.29107332,
  0.10058976, 0.2819528 ,-0.16000757,-0.52473246, 0.5092453 , 0.20611581,
  0.96512411,-0.76111848, 0.42287207,-0.31248633, 0.66687855,-0.52599823,
 -1.21290148,-1.18438144, 0.0674902 ,-0.83252921,-0.4187257 , 0.17286879,
  1.97382534,-0.07781708,-0.46075714,-0.1943963 ,-0.95912881, 0.13244278,
 -0.91337811,-1.0119202 , 0.23821518,-0.88015342, 1.10652669, 0.91022192,
 -0.24262181,-0.90649073, 0.66770486,-0.18104821, 1.09584387, 0.12948068,
  0.89754303,-0.64708951, 0.66414235,-0.3914857 ,-0.59231566,-0.00334571,
  0.10392612,-0.48241875, 0.16782759,-1.04790849, 0.80020906,-0.34658636,
  1.64644862,-0.0678553 , 0.66304266, 0.38257292, 0.805193  , 0.42445434,
 -0.78841802,-0.42380457, 0.39170864, 0.54323758, 0.26958185, 0.19533305,
  3.04676185,-1.88188889]