NN backprop lr=0.0005, hidden nodes=[2]

        1 layer, [2] hidden nodes  
        clip max  = 50 
        activation = relu 
        max iters = 1000
        learning rate = 0.0005
    
train accuracy: 0.5649022021611271, 0.8714266174257967, 0.7667897688414718, 0.8639037067432636, 0.7182327998905759, 0.6933388045411024, 0.5657228833264943, 0.693885925318014, 0.5677745862399125, 0.5679113664341403
train acc mean: 0.6873888660921899
train acc std: 0.11434548137732252
test accuracy: 0.5731857318573186, 0.8573185731857319, 0.7736777367773677, 0.8769987699876999, 0.7195571955719557, 0.6765067650676507, 0.5658056580565806, 0.6826568265682657, 0.5473554735547356, 0.5461254612546126
test acc mean: 0.6819188191881919
test acc std: 0.11854945075385244
loss: 0.32547269030981874, 0.28314465140837697, 0.26480254670162273, 0.3910991611637297, 0.2795420352406099, 0.447167623315487, 0.319688233356465, 0.21236670467301724, 0.30185754458393416, 0.3015542204098311
fitted weights: 
 [ 5.04775454e-02,-5.89836957e-01, 9.91805021e-03,-7.71653459e-01,
  8.37507681e-03, 4.18091334e-01,-1.21415362e-03, 5.73923907e-01,
  5.14561036e-03,-8.63739912e-01, 4.31617761e-02,-9.72252128e-01,
  1.52219881e+00,-2.32779768e-01, 6.78940350e-03,-1.00241237e+00,
 -3.05895054e-01,-2.72939787e-01,-4.13464062e-01, 5.95306342e-01,
 -3.64878065e+00,-2.14791699e-01, 2.17649441e+00,-7.47642093e-01,
  1.18953097e+00, 1.17686830e-01, 1.05885740e+00,-6.79204388e-01,
  2.87677093e+00, 1.25842243e-01,-1.70231126e+00,-2.19377401e-01,
  2.20924512e+00, 2.50997648e-01, 5.01145199e-01,-8.68416579e-01,
 -5.30409374e-01,-2.73409335e-01,-1.22526372e+00,-4.04357501e-01,
  2.26145148e+00,-3.60564536e-01, 6.26100432e-01,-2.62120519e-01,
 -8.02947289e-01, 7.64077624e-01,-2.69696867e-01,-8.13892452e-01,
  8.49784358e-01, 2.09976899e-01, 7.58227229e-01,-4.53044717e-01,
  4.41471849e-02, 6.02765052e-02,-3.54154040e+00,-3.42601879e-01,
  6.15682434e-01, 6.00089504e-01, 2.15900935e-01,-7.58864521e-01,
  2.00768281e-01,-1.24082154e-01,-1.78887966e-01, 5.85967614e-01,
 -1.71744621e-01,-3.19702028e-01,-9.99178515e-02,-5.93949114e-01,
  3.89586400e-01,-9.65979055e-02,-9.75283966e-01, 3.48869881e-02,
 -3.38423837e-01,-3.02484876e-01, 4.04018216e-01,-5.43342551e-01,
  2.64096866e+00, 3.56867494e-02,-1.13099375e+00,-2.59095199e-02,
 -1.15104527e+00,-9.03563907e-01, 1.71436336e-01, 3.63080413e-01,
  8.44521736e-02,-4.48881821e-01, 5.71659828e-01, 7.42602310e-01,
  3.06102119e+00, 3.23068209e-01, 1.49274663e+00, 6.98192308e-02,
  9.24681395e-01,-7.56195897e-01,-1.64246800e+00,-1.06089422e+00,
 -4.15753394e+00, 6.92886880e-01]
[ 0.97119974,-0.52429574,-0.28418399, 0.33401965,-0.00602418, 0.71857886,
 -0.06399081, 0.43648687,-0.45822789,-0.53385637,-0.92454915, 0.55457113,
  0.1282643 ,-0.63542253, 0.14790772,-0.76977259,-1.3029768 , 0.10064692,
  0.4197142 , 0.54057041,-1.19132369, 0.58347644, 0.08441622,-0.0139104 ,
  0.99263787, 1.00735778, 0.15149533,-0.17314602,-0.69156639,-0.78872988,
 -1.01999202, 0.27609766,-0.86474042,-0.47044476, 1.3064985 ,-0.2347751 ,
  0.21025481, 0.14423842, 0.24840877, 0.02434845, 1.87324743, 0.62539796,
  0.28419338, 0.14779169,-1.40570476, 0.13954437, 0.16643289,-0.52880548,
 -0.13365648,-0.29036597,-0.7315885 , 0.5735826 ,-0.27531625,-0.24002854,
 -0.907638  , 0.72554821,-0.27138258,-0.68021382,-0.5719602 ,-0.5547453 ,
 -0.55279554, 0.24471733,-0.80043016,-0.06763959, 0.82946066,-0.92655514,
  0.22961123, 0.29461202, 1.16375588, 0.73134782, 0.40260719, 0.44219773,
 -1.02118476, 0.16120617,-0.86743281, 0.08461446,-1.12161989,-0.54242815,
  0.44811344,-0.94734008, 0.56342252,-0.02369249,-0.78586317, 0.41179319,
 -0.30201894, 1.0650442 , 0.01679658,-0.78389549,-0.01449477, 0.39670145,
  0.56401474,-0.36724806, 0.72021894, 0.89497222,-0.41499941, 1.31660275,
 -2.19021411, 1.2154936 ]
[-0.92260246, 0.66051321, 0.22259309,-0.62920029, 0.44174169, 0.43536005,
  0.20799739,-0.89177665, 0.33333105, 0.17218004, 0.15279804, 0.84680687,
  1.28663499,-0.1587232 , 0.25909335,-0.4232929 , 0.40201781,-0.79858185,
  0.8284925 ,-0.93037296,-2.5211182 , 0.7694876 , 0.79880972,-0.94640028,
 -0.09484181,-0.31290569,-0.63710926,-0.19480713, 1.16427215, 0.06005411,
 -0.7856439 , 1.02700296, 0.38503988, 0.80177516, 0.55496997,-0.78616012,
 -0.59160649,-0.17442149,-0.9660379 ,-0.76723838, 1.1192991 ,-0.25301704,
 -0.16458269, 0.78626724,-0.12014919,-0.42735104,-0.64917155, 1.21607621,
 -0.18232375,-0.18439271,-0.67654551, 0.58685887, 0.63216904, 0.53271192,
 -1.93087621,-0.10423997, 1.0853171 ,-0.56272915, 0.16699098,-0.55874328,
  0.17892643,-0.26647986, 0.43035227,-0.2487552 , 0.59629979, 0.59836287,
 -0.32961352, 0.25344461, 0.56973542, 0.27078568,-0.50665303,-0.59423574,
 -0.27041896, 0.95470375, 1.02936095, 0.01707969, 1.56350443, 0.64643246,
 -0.0244512 ,-0.14679716,-0.2517542 , 0.99205252, 0.19505863, 0.92782401,
  0.40039429, 0.97727578, 0.91490003, 0.47762883, 1.44030226,-0.81104696,
  0.21179906,-0.89970226, 0.42878736,-0.88018705,-0.76327466, 0.93598511,
 -1.74135353, 1.35828738]
[ 0.31088168, 0.43517801, 0.18412233, 0.02780964,-0.23721547, 0.86429955,
  0.80420367, 0.33227084, 0.08045145, 0.29515771, 0.24220979, 0.98489057,
  0.10069297,-0.83216175,-0.50650925,-0.85224636, 0.68456746,-0.55184094,
 -0.592687  ,-0.55176433, 0.1864231 , 0.52426837,-1.04950119, 0.9234836 ,
  0.63702182, 0.34873755, 0.78769544, 0.9747599 ,-0.80389668, 0.62566021,
  0.62524319,-0.77940581,-0.78751321,-0.88451249,-0.27496946, 0.70552664,
  0.09317578,-0.36759813,-0.98966855, 0.72008328,-0.22560902,-0.13485878,
  0.87645344,-0.7116204 ,-0.67541032, 0.57868195,-0.44215899,-0.21567406,
  0.74770313, 1.04514508, 0.41773781,-0.45204088,-0.95378873, 0.19308962,
  0.40025212,-0.08147396,-0.58547766, 0.16986804, 0.30861017,-0.52314364,
  0.04902648,-0.91427095, 0.8720491 ,-0.68226674, 0.47685595, 0.71471131,
  0.68086004,-0.14931075, 0.11461425, 0.20723493, 0.23126177,-0.94980945,
  0.21614825, 0.85916277,-0.24766402, 0.25525505,-0.18186205, 0.66337574,
 -0.09110792, 0.77297235, 0.74647628, 0.47108515,-0.92346993,-0.77590234,
 -0.34146503,-0.16573597,-0.21261303, 0.03235299,-0.02285762, 0.2449451 ,
 -0.3412902 , 0.53729742, 0.55528273, 0.26209904,-0.32702365, 0.70913525,
  0.91175089,-0.96455236]
[ 0.42251904, 0.49917985, 0.24952186,-0.09376057, 0.0788146 ,-0.1165867 ,
  0.4654392 ,-0.38422087, 0.13438226,-0.10305189, 0.98876487,-0.69664563,
 -0.44294428, 0.92375973,-0.51633103,-0.22957261,-1.13133821, 0.27603156,
  0.48175998,-0.41220821, 1.60230554,-0.30498964,-0.24097108, 0.72297708,
 -0.46162827, 2.02821877,-1.52702637,-0.61569255,-0.72193033, 0.75293253,
  1.14407861, 0.69874004,-0.34641789,-0.12083559, 0.18076502, 1.57038711,
 -0.71623405,-0.77251146, 1.01510948, 0.35944127,-0.9387993 , 1.51803547,
 -1.08873553, 0.1215055 ,-0.17431875,-0.76422339,-0.68712481,-0.16346861,
  1.06987182, 0.56975166, 0.92152059, 0.39745443, 0.2406525 ,-0.05742659,
  0.0390198 ,-1.29236805, 0.0303815 , 0.78892901,-0.31392947,-1.44857793,
 -0.31426192,-1.37142688,-0.50812824,-0.41714096, 0.45379332,-0.28779837,
  0.73817432, 0.63755176, 1.12776613, 0.67760599,-0.44028849,-0.46987656,
 -1.23241174, 0.22452958, 0.59972276, 0.07915229, 0.3189976 , 0.18460475,
  0.44109917, 0.80073872, 0.72132935, 0.47237456, 0.46683007, 0.31620523,
 -0.0997173 ,-0.15326464,-0.45217707,-0.15342623,-0.84510424, 0.41683614,
  0.37975845, 1.7530235 ,-0.35550156, 0.45724495, 0.01323531,-0.71779715,
  2.81891358,-2.57300451]
[-0.07803031,-0.74787667,-0.1072929 ,-0.07758015,-0.14457826, 0.19721302,
 -0.74895084,-0.04065423, 0.25834666,-0.76244186,-0.66381411, 0.84280024,
  0.54667498,-0.89168217, 1.15538366, 0.43597583, 0.57379411,-0.16938241,
 -0.64235795,-0.07436385,-0.44821915, 1.25777739, 2.0457248 , 1.05275155,
 -0.79003531,-0.88008139,-0.93428715,-0.04769607,-0.02854563,-0.568148  ,
 -0.0361329 , 0.8681066 ,-0.52508284,-0.6704077 ,-0.37133659,-0.6575318 ,
 -0.32953843,-0.17536797, 0.82339389,-0.01887288, 0.48204955,-1.12646847,
  0.24103898,-0.55098987, 0.2391373 , 0.04475074,-0.4198875 ,-0.77306944,
  0.91930503, 1.15682987,-0.08685699, 0.77433462, 0.32189221,-0.0601724 ,
 -0.52305606, 0.55880965,-0.34710441, 0.17134389,-0.1954367 ,-0.12295051,
 -0.16613225,-0.59982386, 0.28632345, 0.96373595,-0.94022218, 0.99682936,
 -0.44712628, 0.62073296, 0.03392586,-0.43204628, 0.3208446 , 0.57002145,
 -0.62493222, 0.3450421 , 0.79739979,-0.21234636, 0.3311154 , 0.94420357,
 -0.00768913, 0.55242745,-0.90917824, 0.56987889,-0.03158521, 0.10478657,
 -0.31621506, 0.0868385 ,-0.43502301, 0.56983588, 0.38494094, 0.50778832,
  0.01348601, 0.05611799,-0.72986644, 0.99236158, 0.00787237,-0.42252205,
 -1.34548828, 1.13098218]
[-0.01557666,-0.61755316,-0.12300248, 0.11478612,-0.01873919,-0.19847036,
 -0.62647132, 0.02363325, 0.08195302,-0.41445676,-0.33872843,-0.15171035,
  1.31168532, 0.60723172, 0.0122498 ,-0.17558583, 1.12743334, 0.29499335,
 -0.63300169,-1.12247036,-1.91643674,-0.59391592, 2.57883156, 0.51375091,
  0.26505706,-0.38349416, 0.55326316,-0.02134638, 3.14468462, 0.46406754,
 -0.30646153,-0.39487063, 2.64042952, 0.4866925 , 0.23650339, 0.68387206,
 -0.75108001,-0.471479  ,-0.71866611,-0.52142502, 3.37325233, 0.25217246,
  1.25653706,-1.10856485,-0.31968288, 0.97225224,-0.23179606, 0.57358854,
  0.15273584,-1.12921403,-0.9811052 ,-0.13595754, 0.81755012,-0.43426135,
 -2.30373265, 0.54982593, 0.43649408,-1.02067648,-0.78956876,-0.96865653,
 -0.7728027 ,-0.77181498,-0.13325224, 0.15140737,-0.7644487 , 0.16746065,
  0.28876009, 0.23483507,-0.20107093,-1.0106484 ,-0.76842589,-0.53029271,
 -0.66966973, 0.03655802, 0.34927429, 0.33627385, 0.73664994, 0.20665498,
 -0.81140031, 0.39155205,-0.79926261, 0.34624035, 0.73070466,-0.66480346,
 -0.28850974, 0.08400569, 0.63298587, 0.2901813 , 1.75325862,-0.61683046,
 -0.08009981, 0.05059595,-0.54996908, 0.65354676,-1.44570847,-0.10565153,
 -2.44167257, 1.01323375]
[-8.73386816e-02, 9.91512851e-01,-3.34098300e-01,-4.51337759e-01,
  1.67657914e-01,-2.40997672e-01,-4.59598474e-01, 6.92883413e-01,
 -3.33812823e-01,-6.21633994e-01, 1.07256874e-01,-2.76604053e-01,
  2.05779242e+00, 9.65402830e-02, 2.26991988e-02,-6.23266884e-01,
  9.57944859e-01,-9.64801417e-01,-2.56217858e-01, 3.61179699e-01,
 -1.66762360e+00,-2.35657368e-02, 3.76522439e+00, 1.54784941e+00,
 -7.09268499e-01,-4.17334431e+00,-1.21182771e-01,-1.29088934e+00,
  2.29591266e+00,-2.02790216e+00,-2.03174068e+00, 6.08267860e-01,
  1.75955055e+00, 2.11812191e-03, 7.80877358e-01, 6.64460648e-02,
 -2.27000246e-01, 9.64045394e-01, 3.04379007e-01,-1.34533799e-01,
  3.39886834e+00,-4.87617804e-01, 7.99238799e-01,-2.38032645e-01,
  1.30782643e-01, 9.00513375e-01,-8.62947950e-01, 2.43611121e-01,
  1.73040987e+00,-1.08945920e+00, 2.09885775e-01, 8.15919080e-01,
  1.75233586e-01,-4.20816959e-01,-3.10493164e+00, 2.86993155e+00,
  1.74996665e-01, 9.55637927e-01,-5.78538878e-01,-1.32619283e+00,
 -5.73348242e-01,-1.28819411e+00,-5.40724512e-01, 1.06227036e+00,
 -6.14973475e-01, 3.60500205e-01, 4.81402992e-01, 5.44313797e-01,
  1.45228199e-01, 1.54278295e+00,-6.83157061e-01,-4.73337370e-01,
 -4.59511030e-01, 4.46906559e-01, 6.11150697e-02, 4.87415103e-01,
  6.02217686e-01, 2.83119375e-02,-5.59117236e-01, 5.10271928e-01,
 -8.73372756e-01, 1.16587125e+00, 1.04622053e+00,-6.11546436e-01,
  3.87920287e-02, 1.29863808e+00, 1.55375244e+00,-3.27129095e-01,
  2.41312533e+00,-8.36780253e-01, 6.50182654e-01, 2.87769088e-01,
 -8.28966626e-02, 9.64197473e-01,-9.06919550e-01, 1.65741672e+00,
 -2.75657861e+00, 4.64995013e+00]
[-0.08382192, 0.46029542,-0.09579017, 0.44602161,-0.09429453,-0.48715137,
  0.58173524, 0.5080684 ,-0.09482624, 0.51967681,-0.25076592,-0.60013754,
  1.69936665, 0.74145269,-0.00551408, 0.30819373,-0.28834867, 1.25845338,
  0.14249909, 0.23931977,-1.274843  ,-0.43257939, 1.22686012, 1.14849566,
  2.39290276,-2.68014034, 0.58811467, 0.0866239 ,-0.34254872, 2.51469633,
 -0.66477313,-1.0882903 , 0.87640521, 0.63572652, 0.44917446, 0.1465582 ,
 -1.07474768, 0.14596189, 0.49772873,-0.67275491, 2.3174453 , 0.02006033,
  0.40329939, 0.07640425,-1.29108547, 0.13286884,-0.43599836,-0.3588693 ,
 -0.05200563, 0.32557704, 0.1451121 ,-0.12853563, 0.48709524, 0.19642931,
 -1.84716034,-1.50405893, 0.40567832,-1.07896632,-1.54759615, 0.97153552,
 -1.61124857, 0.97408709,-0.24589966,-0.98599552, 0.42016081, 0.07809638,
  0.95437168,-0.75824325, 0.095418  ,-1.11256235,-0.33546114,-0.97859838,
 -0.36547185,-0.20749418,-0.14816274, 1.07046753, 0.05260125, 1.37569924,
 -0.04787565,-1.45652901,-0.04654994,-1.63116719,-0.56923592,-0.01788203,
 -0.43391402,-2.01971369, 0.28869094, 0.00682674, 1.1151259 , 0.36931154,
  0.37583205,-0.62060339,-0.04508439,-0.71811612,-1.03922075,-0.46249545,
 -3.42825857,-3.65453639]
[-4.71985468e-01,-2.25320805e-01,-2.08828221e-01, 8.00942682e-02,
 -4.18458974e-01, 7.63590487e-02,-6.61168659e-01,-9.95344783e-01,
 -1.86368892e-01, 8.54185618e-02, 2.12862410e-01,-1.35669733e-02,
 -1.81477494e-01, 2.21801329e+00, 8.78489079e-01, 2.42555258e-03,
 -5.60693475e-01, 1.48779790e+00,-2.16693435e-01, 4.17643393e-02,
 -7.64046783e-01,-1.93777434e+00,-3.99084563e-01, 4.00250144e+00,
  3.58466842e-01, 1.15634892e+00, 8.46031421e-01, 1.42757395e-01,
  8.92275829e-01, 2.71955086e+00, 2.81905880e-03,-1.72652264e+00,
  4.07578412e-02, 2.95855561e+00, 1.45278950e+00,-5.18007444e-02,
 -1.43814057e+00, 1.91769920e-01, 5.24690240e-01,-4.03388704e-01,
  1.14398608e+00, 2.05883755e+00, 1.77400860e-01, 9.58584399e-01,
 -6.92265743e-01, 4.00717685e-01, 8.01160144e-01,-3.67063544e-01,
  5.09347726e-01,-5.61914102e-01,-9.70784466e-01,-1.01454753e+00,
 -3.70655104e-01,-2.99151148e-01,-1.59293351e+00,-2.65484857e+00,
  1.28676804e+00,-3.61040928e-01,-2.01995967e-01,-8.81893357e-02,
 -4.11167855e-01,-8.50855326e-02, 5.54203494e-04,-7.09103725e-02,
  8.53535035e-01,-6.03947610e-02,-4.80808955e-01, 3.53569657e-01,
 -6.61177038e-01,-5.16763237e-01,-7.94486594e-02,-1.63630172e-01,
  8.13535444e-01,-1.42218878e+00,-2.22713666e-01, 1.29141961e+00,
 -2.86578977e-01, 1.23560698e+00,-1.05896183e-01,-9.95240637e-01,
  9.22846880e-02,-1.03085592e+00, 7.33527765e-01, 7.14578284e-01,
  4.87857322e-01,-5.29868912e-02,-4.66111117e-01, 9.66690386e-01,
 -4.41945778e-01, 1.71782313e+00, 2.39464571e-01, 5.12746324e-01,
 -3.37574311e-01, 3.89921253e-01,-4.05919649e-01,-2.12576375e+00,
 -2.48067372e+00,-4.19735523e+00]