NN backprop lr=0.0001

        1 layer, [4] hidden nodes  
        clip max  = 50 
        activation = relu 
        max iters = 1000
        learning rate = 0.0001
    
train accuracy: 1.0, 0.9906989467925045, 0.98905758446177, 1.0, 1.0, 1.0, 1.0, 1.0, 1.0, 0.9901518260155929
train acc mean: 0.9969908357269868
train acc std: 0.004611744606841527
test accuracy: 1.0, 0.995079950799508, 0.990159901599016, 1.0, 1.0, 1.0, 1.0, 1.0, 1.0, 0.990159901599016
test acc mean: 0.9975399753997541
test acc std: 0.00396667047886767
loss: 0.001149013850091486, 0.06001710262376105, 0.009551258771328393, 0.001195850615863954, 0.0025269000443793772, 0.001519704076485335, 0.0021336217477090206, 0.0012472471800151238, 0.0026421477695375475, 0.008232928770821858
fitted weights: 
 [-0.10569233, 0.36314416,-0.16987792, 0.8093124 , 0.25984436, 0.08919159,
 -0.15195691,-0.36592569, 0.472604  , 0.36304808,-0.18748539,-0.71896117,
 -0.4908636 ,-0.17880868,-0.96136257,-0.89813271, 0.93833471, 0.41745915,
  0.24690764, 0.44270537,-0.59878197, 0.67851421, 0.08032696, 0.83027795,
  0.72401899,-0.41699001,-0.199981  , 0.02216001, 0.74544328,-0.08061274,
  0.87906446, 0.52086459, 0.36061169,-1.57858493, 1.30483352,-0.31553291,
  0.63524567, 1.04017457,-1.02126717,-1.00851722,-0.48504653, 1.7022776 ,
 -1.05927721, 0.24364419, 1.53714402, 0.26031889,-1.16885743, 0.85135823,
  0.11851352,-1.11843988,-0.33929113,-0.1039352 , 0.24875404,-1.92896871,
  2.11673805,-0.7225539 , 1.08991283,-0.38561114,-1.34983359,-0.29230301,
 -0.44665486, 1.8333151 ,-0.20078238, 0.74160363, 1.16038783,-1.05536894,
 -0.05013401, 0.43291916, 0.7740496 , 0.09261321,-0.29306469,-0.10041521,
 -0.88371652,-0.87189037, 0.39955668,-0.55777399,-0.01415462, 0.18407627,
 -0.27167383, 0.24091558, 1.00710967,-1.45976212,-1.16090514, 0.75892735,
  0.68302261,-0.79501447, 1.105373  ,-0.65446177, 0.83936536, 1.00307209,
  0.34764237, 0.51144429, 0.22756435,-0.77182823, 1.09769733, 0.06330686,
 -0.21035608, 0.12845612,-0.78410304,-0.11864855, 0.50808936, 0.83456144,
 -0.50874069,-0.81636594,-0.18650593, 0.30181166,-0.30376773,-1.01994279,
 -1.50612896, 1.08117861, 0.41186426,-0.03017816, 0.03303707, 0.97022065,
 -0.17997509, 0.28501803,-0.34340084,-0.44060987, 0.25216001,-0.33671155,
 -0.36780796,-0.47901287, 0.16188592,-0.51561812, 0.13791531, 0.64970958,
 -0.20661271, 0.53854582,-0.3698384 ,-0.80656274,-0.16998013,-0.56875735,
  0.83552138,-0.78787622,-0.13621833,-0.03499559, 0.34048508, 0.90892171,
  0.78124098,-0.61108636, 0.6579009 , 0.74045991, 0.79677014,-0.14225634,
 -0.10509459,-1.0109715 , 0.9739947 , 0.26655597, 0.64268055, 0.42503909,
  0.36908118,-0.62141226, 0.25325055,-0.02485675,-0.19677384,-0.06938734,
 -0.5898046 ,-0.09961361, 0.51562205,-0.54336557,-0.83287715, 0.01813609,
  1.05117371, 0.78987085, 0.84042237, 0.44211151,-1.05732005, 0.54419844,
 -0.99972507,-0.71148848, 0.7188539 ,-0.75757475,-0.26052734,-0.52494898,
  0.22111476, 0.92016533, 1.42322094,-0.50646666, 0.05184209, 0.65347278,
  0.5555306 , 0.16431876,-1.04473126,-0.29249726, 0.60402616,-0.11393808,
  1.22721442,-0.23060325, 0.78482057, 0.94830407,-0.29963335,-0.6074706 ,
 -2.88407189, 3.90135609, 3.31118353, 0.58703254]
[-7.32050569e-01, 5.48600717e-01, 6.56927915e-01, 1.51652368e-01,
 -9.07645794e-01,-7.15686033e-02, 4.04989248e-02, 3.69417258e-01,
 -5.92444304e-01,-7.01338899e-02, 4.05491302e-02, 3.17327634e-01,
 -8.53614352e-01,-4.99657708e-01,-7.61004279e-03,-1.44860629e-01,
  4.14137649e-01,-6.97723084e-02,-3.67315279e-02,-3.30238801e-01,
 -3.76141851e-01, 3.61292513e-01, 5.69729563e-01,-7.42986327e-01,
 -3.68681090e-01, 1.52275515e+00,-4.17250062e-01, 3.26259148e-01,
 -9.73846554e-01,-1.27102109e+00,-1.64342529e+00,-4.15741892e-01,
 -6.09707967e-01,-3.59902083e-01,-1.67525438e-01,-2.83986640e-01,
 -8.70792266e-01, 4.50132828e-01,-7.09412769e-04,-9.81283933e-01,
 -4.51313535e-01, 1.13359145e-01, 1.20586229e+00,-3.28283711e-01,
  4.93209197e-01, 1.67853848e+00,-2.45533317e+00,-5.36854672e-01,
 -8.92054796e-01, 1.58628419e+00, 8.08623300e-01,-5.56547984e-01,
  2.70694348e-02, 1.39966841e+00, 1.27555082e+00,-4.38370512e-01,
 -3.11512115e-01, 1.25727161e+00,-7.49944191e-01, 1.89324469e-01,
  7.23969095e-01,-8.74195663e-01, 1.13747028e+00, 8.29867368e-01,
  8.57961555e-01, 9.04149087e-01,-2.01452854e-01,-6.21854942e-01,
  4.09472178e-01, 1.42477666e+00, 4.88038537e-01,-7.78086424e-01,
 -9.75352794e-01,-2.05462524e-01,-2.68178402e-01,-1.02156514e-02,
  9.16661679e-01,-5.52583499e-01,-7.37377579e-01,-8.87446670e-01,
  3.94613837e-01, 1.68919890e+00,-7.80720357e-02,-8.29420710e-01,
  6.06103646e-01, 1.17349135e+00, 8.08185983e-01, 2.60093392e-01,
 -1.13085916e-01,-1.89237355e+00, 2.49870836e-01,-5.52597824e-01,
 -6.42365903e-01,-3.83805549e-01, 3.24562698e-01,-7.07816574e-01,
 -1.20502020e-01,-3.77670137e-01,-5.94887810e-02, 6.55341705e-01,
  7.07206368e-01,-4.90984796e-01,-3.86285134e-01, 3.25675752e-01,
 -7.54616396e-01, 7.03813363e-01, 4.00131568e-01,-6.14535607e-01,
  3.08106054e-01,-9.62567809e-01, 1.31001128e+00,-9.12892030e-01,
  1.95423440e-01, 3.31857277e-01,-3.22605009e-01, 8.71889387e-01,
  3.24490953e-01,-7.48918815e-01, 4.37760537e-01,-7.82218204e-02,
 -9.95798177e-01,-7.42479285e-01, 4.37573985e-01,-7.28144250e-01,
  6.75613437e-01,-6.36970332e-01, 1.14135345e+00, 2.94537550e-01,
 -1.94613817e-01, 2.52849153e-01,-1.90579093e-01,-6.12873717e-01,
  6.24941212e-01, 8.63872971e-01,-9.22517731e-01,-7.15637456e-01,
  6.95427979e-01,-6.70729265e-01, 7.65548671e-01,-7.10647927e-01,
 -7.63400279e-01,-9.54343707e-01,-6.36180102e-01, 8.37098808e-01,
  4.84812232e-01,-3.98409422e-01, 3.51055176e-01,-5.06283812e-01,
 -3.65131104e-01,-1.71988617e-01,-2.40398576e-01,-3.33847645e-01,
  8.18251776e-01, 3.87971792e-01,-1.88052500e-02, 4.82655145e-01,
 -1.71295016e-01, 1.34749124e-01, 7.93097536e-01,-7.46972608e-01,
 -7.13049355e-01, 1.30777702e-01, 1.08830506e+00, 9.90323824e-01,
  9.14472053e-01,-2.74188607e-01,-4.64975951e-01,-6.53447495e-01,
 -6.58627869e-01,-6.07911079e-01, 5.98249641e-01, 4.85401582e-01,
  8.44658622e-01,-4.67199282e-01,-2.98340920e-01,-9.15518797e-01,
  8.88289922e-02, 6.95290606e-01,-9.50256711e-01,-7.63587268e-01,
 -5.59244225e-01, 2.40240123e-01, 4.08922388e-01, 6.52032115e-01,
 -3.73908904e-01,-1.03267321e-01, 1.33292530e+00,-9.95853718e-01,
  2.51417657e-01,-1.39149812e+00, 5.53258697e-01,-3.29748542e-01,
 -1.17580645e-02,-4.27442124e+00, 3.65955450e+00, 7.56952373e-01]
[-0.2968054 ,-0.95559424, 0.63507489, 0.2490753 , 0.16780082, 0.43757222,
 -0.18725588, 0.33458053, 0.05910937, 0.38197986,-0.88213441, 0.33424773,
  0.99405141,-0.4041862 , 0.15256056, 0.35551921, 0.19221489, 0.6937928 ,
  0.14512706, 0.33215203, 0.01987438,-0.42254829, 0.72866301, 0.4048871 ,
 -0.71130042, 0.08154117, 1.15061504, 0.08751955,-0.64867484, 0.0574165 ,
 -0.66210593, 0.01870478, 0.0446159 , 0.57689343, 0.5811014 , 1.04514713,
  0.51303561,-0.17282748,-0.18579264, 0.60483037, 1.14062632, 0.09703314,
  0.82597134, 0.5781234 ,-3.45606138, 0.20486322, 1.00677852,-0.75823286,
  0.8621782 , 0.14525386, 0.18588662, 1.7039052 , 1.01796936, 0.53755254,
 -0.68132697, 0.24647637,-0.46218483,-0.31368798,-0.19370228, 1.74342366,
  1.8328839 ,-0.25115793,-1.04656495,-0.91256365,-0.26278365, 0.14143317,
 -0.28981659, 1.02567661,-0.33297074, 0.30595086,-0.28275631, 1.04041095,
  0.40017674,-0.62190697, 0.94079109, 0.21396684,-0.75016791, 0.78286477,
  0.12960831,-0.01749601,-0.29431399, 0.42788467,-0.77243098, 1.10989091,
  0.89157422, 0.41352137, 1.20084866, 0.77853736,-0.54226269,-0.64996048,
  0.03356035,-0.60205513,-0.13923545, 0.23779886,-0.3000411 , 0.01299459,
 -0.20254237, 0.16618151, 0.85399051, 0.15638327,-0.92694941,-0.37838656,
  0.58760834,-0.14170158, 0.13772738,-0.14712445,-0.19926117,-0.08495389,
  2.21022882,-1.21479054,-0.97324377,-0.11888289,-1.67535283, 0.92051143,
 -0.40736471,-0.33697012, 0.14725608, 0.6372802 , 0.36961439,-0.20713239,
  0.06626923, 0.54236486,-0.09765849,-0.00667962, 0.03455371, 0.54199745,
  0.28417346, 0.05346345, 0.97198337,-0.43353219, 0.92618966,-0.66233631,
 -0.8620518 ,-0.5661012 , 0.96590024, 0.83021389, 0.51948041, 0.48680918,
  0.11994335,-0.55988475, 0.12173268, 0.51203697,-0.66984103,-0.40866906,
  0.24717218,-0.88008981,-0.68737139,-0.51367314,-0.77495607,-0.98608936,
  0.06417032,-0.20472265,-0.57376959, 0.59280109, 1.06037713,-0.10643793,
 -0.20842996, 0.24252623,-0.26765231, 0.07759098,-0.0117472 ,-0.23063726,
 -1.32944892,-0.04632333,-0.50960827, 0.72350612,-0.6373547 , 0.26499687,
  0.73984515, 0.14542061,-0.1848284 ,-0.37421654,-0.16341166, 0.96459704,
  0.98658987, 0.87324633,-1.04068358, 0.11977777,-0.75754803, 0.7954068 ,
  0.24909923,-0.86348668, 0.62030018, 0.12880952,-0.56110557,-0.31697236,
  0.56142182, 0.23609963, 0.85218916,-1.30359576,-1.23002583,-0.22499013,
  4.70053613,-0.24846666,-1.74336231,-2.42695975]
[-9.04343680e-01, 5.12756518e-01,-2.79575986e-01, 6.99882984e-01,
  3.28199985e-01, 7.77736393e-02, 4.71794312e-01, 1.41401237e-01,
 -5.83382336e-01,-4.68576922e-01, 6.84187039e-02, 4.66426882e-01,
  5.16391584e-01,-2.25935841e-01, 1.73185325e-01, 5.79402791e-01,
  5.79046197e-01, 1.11777911e-01, 6.18007010e-01, 1.19043127e-01,
 -6.62739691e-01, 4.29030668e-01, 6.71803973e-01,-5.13313114e-01,
  1.20313756e-01,-9.22517381e-02, 1.55258765e+00, 3.00357384e-01,
 -2.02166268e-01,-4.67605923e-01, 1.36212897e-01, 2.22913827e-01,
 -7.81981894e-01,-1.98904602e+00, 7.86792855e-01, 5.46799475e-01,
  3.30609229e-04, 4.93951713e-01,-1.76439767e-01,-6.77121704e-01,
  7.16251485e-01, 6.40207047e-01, 4.38023169e-01, 1.25988794e+00,
 -5.15280165e-01, 9.21060419e-01, 9.55086971e-01,-3.06946607e+00,
 -9.47048503e-01,-7.16331233e-01, 6.50572420e-01, 4.68085093e-01,
  8.98089192e-01,-1.62040096e+00,-3.96951980e-01, 1.28119996e+00,
  9.07986103e-02,-7.62221966e-01, 1.19917405e+00,-4.20736449e-01,
 -9.80617216e-01, 1.30253993e+00,-1.11554564e+00,-4.67591770e-02,
  6.40774938e-01,-1.23222934e-01, 1.41923232e-01,-5.38909009e-01,
 -6.86527247e-01,-4.94160193e-01, 6.86486185e-01,-7.02557750e-01,
 -5.39779549e-01,-8.10200851e-01,-3.55874798e-01, 1.25962286e-01,
 -2.48770829e-01,-2.90344610e-01,-9.50191677e-01, 8.92299292e-01,
 -5.94966113e-01,-1.40018620e+00, 9.52575053e-01,-2.39225714e-01,
 -2.86008820e-02,-1.82569590e+00, 4.24672129e-01, 1.14345218e+00,
  2.48006284e-01, 8.07159819e-01, 1.10751534e+00,-8.04778130e-01,
 -4.07562298e-01, 1.16156281e+00, 3.69842333e-01, 8.83167842e-01,
 -6.87947482e-01, 8.84024599e-01, 7.19360253e-01, 5.82876757e-02,
  7.05484576e-01, 3.26480338e-02,-1.00885362e+00,-4.44015339e-02,
 -1.69592048e-01, 8.11998434e-01, 7.79060890e-01, 2.51799724e-01,
 -3.23546215e-01, 1.36700475e+00,-1.49037257e+00, 7.74307474e-01,
  1.14211902e-01, 4.94517654e-01, 1.10532060e+00,-1.52262962e+00,
 -5.80533120e-01,-6.35269457e-01,-2.63465913e-01,-6.11849089e-01,
  5.15155889e-01,-3.95759893e-01, 3.29793063e-01,-3.59623639e-01,
 -2.83017235e-01, 3.19987382e-01, 6.96539373e-01, 4.90202993e-01,
  8.55003335e-02,-2.80922888e-01, 3.22109774e-01, 4.71976056e-01,
 -4.41250148e-01, 2.89612045e-01, 3.09275870e-01,-1.12555651e+00,
 -5.97657907e-01,-2.24995078e-01,-3.84630795e-01,-1.08492848e-01,
  8.63163997e-01,-7.13978629e-01, 4.12250401e-01,-5.70283719e-02,
  1.59822546e-01, 7.39560469e-01, 1.36520553e-01, 6.76785837e-01,
  4.81376004e-02, 7.46650340e-01, 5.33753662e-01,-4.07776705e-01,
  1.02952821e+00, 1.55839014e-01, 1.28911223e+00, 3.85359366e-01,
 -6.27777416e-01, 2.05415792e-01,-5.81946726e-01,-3.83472365e-01,
  1.86183663e-01, 1.49427295e-01,-9.74235665e-01, 2.98255725e-01,
 -5.28972430e-01, 5.02920346e-01, 4.51004359e-01,-2.61600577e-01,
  6.65489435e-01,-1.18885903e-02,-1.59507698e-01, 7.89201773e-01,
 -8.35075966e-01, 2.60086655e-01, 1.66509475e-01,-2.74955140e-01,
 -7.47065900e-02, 3.72573667e-01, 1.20133897e+00,-9.67688997e-01,
 -5.89276960e-01, 2.38703177e-01, 1.46253326e-01,-2.11550458e-01,
 -2.60377918e-01, 3.88729951e-01,-4.56413735e-01, 6.92414553e-01,
 -9.54274744e-01, 8.23149181e-01, 3.01186509e-02, 1.10293882e+00,
 -4.82356660e-01, 3.41804698e+00,-2.56507017e+00, 3.53508473e+00]
[ 0.75977998,-0.05992776, 0.68663542,-0.11416739,-0.54765591,-0.13732358,
  0.29100274,-0.61763493,-0.47902506, 0.22862622, 1.01994618,-0.34497288,
  0.68817661,-0.70236887,-0.57090564, 0.2806855 ,-0.66236314,-0.01727405,
  0.52504944,-0.84797341, 0.07687085,-0.05737364, 0.6716578 , 0.33480253,
  0.26089656, 1.35401324,-0.0679049 , 0.48607376,-0.45924816, 0.07688722,
  0.48539243, 0.64857673,-0.70957084, 0.60450924, 0.2848628 , 0.94725698,
  0.3535486 , 0.3677509 , 0.39331811,-0.23281552, 1.76962767,-0.55914768,
 -0.78821538, 0.32998692, 1.39042459, 2.74018973, 0.3693395 ,-0.62545753,
 -0.84636563,-0.22765652,-0.3784067 ,-0.90850859,-1.51933017,-0.29367413,
 -0.02489586, 0.46390348,-0.74523885, 1.800527  ,-1.17854406, 0.51907692,
  1.6008145 ,-0.61640733, 0.15266671,-0.79814466,-0.14627225, 1.86644545,
  0.62585288,-0.21951063, 0.4916089 , 1.03137951,-0.47036059,-0.39078385,
 -1.02450803,-0.80318775, 0.06180918,-0.73212434, 0.47513337,-0.24294333,
 -0.73839444,-0.38044071,-0.76640226, 1.39725571,-0.69118184,-0.89266576,
 -1.89646502,-0.07797323, 0.61835064, 0.39030772, 0.45053378, 0.07515154,
  0.54554788, 0.66154962,-0.18390912,-0.626335  ,-0.48068194,-0.24516054,
  1.2116053 , 0.79574992, 0.51197283,-0.72033228, 0.44401139, 0.07861049,
  0.06220744,-0.58665472, 0.96781578, 0.59794687, 0.67178273,-0.74636416,
  0.77989457,-1.68396796, 0.55669302, 0.70152011, 0.9965458 , 1.08028472,
  0.96321392, 0.50993009,-0.36982647, 0.05912807,-0.42571502, 0.38426607,
 -0.36150221,-0.01055671,-0.63318356, 0.19311485,-0.57229905, 0.27331329,
  0.07634376, 0.28783417,-0.96287374,-0.47334585,-0.54741718,-0.84831789,
  0.19352886, 0.27594296,-0.68118882,-0.47119156, 0.91555422, 0.55161533,
 -0.31213229, 0.39577718,-0.13885192, 0.16442265, 0.07738142, 0.87616587,
  0.45927412,-0.06181132, 1.07089332,-0.37037673, 0.71386946, 0.42925446,
  0.0425044 ,-0.90971706, 0.82474182, 0.83728651,-0.58815415, 0.10142657,
 -0.05104197, 0.15313897, 1.01314136,-0.58500969, 0.15793522,-0.32032616,
  0.48890775, 0.77135907, 0.23968951, 0.88086033, 0.32912206,-0.15506225,
  0.26954762,-0.51299421,-0.32636584,-0.11075055, 0.22867217, 0.81730506,
  0.63945798, 0.46170562,-0.89858743, 0.75126871,-0.21913988, 0.76109401,
 -0.04035526, 0.29467416, 0.29282383, 0.25762022,-0.35099019,-0.56612809,
  1.18420943,-0.45424002,-0.16916509,-0.56578887, 1.7147095 ,-0.37851855,
  4.09935152,-4.22567552, 1.64016477, 0.54410232]
[ 6.35334532e-01,-9.11718751e-01, 1.92336800e-01,-6.64708290e-01,
  7.03156088e-02, 5.76051892e-01, 4.05217338e-01, 1.31747523e-01,
  7.10819254e-02, 4.82076764e-01, 4.21883298e-01, 5.96335221e-03,
  1.06008226e+00,-7.12799522e-01, 1.22296280e+00, 7.52481544e-01,
 -1.50097580e-01, 6.51087702e-01, 5.92262475e-01, 4.62896719e-01,
  9.84275880e-01,-6.65255994e-01, 1.95936699e-02, 7.69960519e-01,
  3.43840077e-01,-8.83556431e-01,-7.17890792e-01, 6.06031686e-01,
 -2.27856454e-01, 1.63688131e-01,-2.67029095e-01, 1.87570837e-01,
  9.65289433e-01,-5.12285983e-01,-7.73621891e-01, 1.23658021e+00,
 -3.72300414e-01, 9.41935596e-02, 5.81444048e-01, 2.37230043e-01,
  5.95277815e-01,-2.98455743e-02,-3.09030063e-01,-6.73419683e-01,
 -1.70030159e+00, 2.03590873e+00,-2.09501991e+00, 1.11890350e+00,
 -8.13305400e-01,-1.32739948e+00, 2.09176965e+00, 1.16590911e+00,
  6.75637680e-01,-1.03795905e+00,-3.18450538e-01, 3.50101373e-02,
 -1.13644587e-01, 5.73606857e-01,-1.25076902e+00, 1.93614476e+00,
 -1.49907058e-01,-3.97111211e-01, 6.15089275e-01,-4.92125926e-01,
  6.81230609e-01, 3.15089754e-01,-6.69809685e-01, 1.42293177e+00,
  2.39226725e-01,-1.11651523e-01,-2.00197384e-01, 4.23902611e-01,
 -2.24110235e-01,-1.77788114e-01, 2.53285031e-01,-2.27308018e-01,
 -5.46232921e-01,-2.46661210e-01, 9.87629591e-01, 5.64911811e-01,
  2.41783037e-01,-7.16414943e-01, 3.31205046e-01, 1.42273576e+00,
  9.75274586e-01,-1.79175361e+00, 9.32284455e-01, 7.89329127e-02,
 -8.47309632e-01, 5.90815411e-01,-8.12924494e-01,-4.29653310e-01,
 -1.46602157e-01,-6.41019309e-01,-6.67474958e-01, 3.64476955e-02,
 -4.81741393e-01, 8.46598186e-04, 2.49127538e-01, 2.26449285e-01,
  2.12913753e-01, 1.71864959e-01,-6.45815635e-01,-3.67472517e-01,
 -3.37187592e-01, 2.80184765e-01,-1.32287563e+00, 4.90807650e-01,
  3.78647452e-01,-6.77965176e-01, 1.37256492e+00,-1.29600490e+00,
 -8.09804403e-01, 1.48591381e+00,-1.31693661e+00, 8.64869139e-01,
 -1.34572555e-01,-4.07670700e-01, 8.94872829e-01,-5.67062811e-01,
  7.50300190e-01,-3.58414946e-02, 8.49348012e-01, 1.28416485e-01,
 -4.97145934e-01, 2.64315054e-02,-8.65406546e-01,-2.67277955e-01,
  4.66225314e-01,-9.10269962e-01,-7.24736554e-01,-9.91187759e-01,
  6.44468361e-01, 4.22829596e-01, 3.57202168e-01, 6.63156739e-01,
  3.91796886e-01,-4.11141269e-01,-7.85185359e-01,-2.01721441e-01,
 -4.17192236e-01,-8.88767403e-01, 3.33957096e-01,-4.17511619e-01,
  1.72779496e-01, 1.71268197e-01, 9.35717814e-01, 5.78339420e-02,
 -5.56564839e-01,-3.31755818e-01,-3.00232614e-01, 9.57192040e-02,
 -8.84897213e-01, 5.98155992e-01,-6.55835549e-01, 1.38141200e-01,
  3.37314308e-01, 1.05384656e+00,-4.48874679e-01, 1.67202751e-01,
 -6.29910165e-01, 4.45428773e-02, 4.19904538e-01,-4.73235321e-01,
 -7.37879897e-02,-1.00365995e+00, 4.29872276e-01, 2.38334919e-01,
  1.63862248e+00, 2.66801786e-01,-7.17928179e-01,-1.33993813e+00,
 -4.03235862e-01,-9.26952366e-01,-3.79367673e-01, 7.10010830e-01,
 -8.60793392e-01,-3.33245490e-01,-1.19743357e-01, 3.36872557e-01,
  7.13249728e-01,-5.96745072e-01, 5.73870061e-01,-2.23391832e-01,
 -1.46428692e-01, 5.88228432e-01,-3.55564209e-01, 5.12859038e-01,
  8.16641133e-01,-6.71268143e-01, 1.03626925e+00, 3.36985386e-01,
  1.92630023e+00, 2.93925872e+00, 3.73268546e+00,-2.39936991e+00]
[-0.18438483, 0.46723026,-0.68401802,-0.50684443, 0.64376089,-0.24435738,
 -0.18738988,-0.18261424, 0.74530094,-0.12008474, 0.35684749, 0.66415956,
  0.17446688,-0.38729065, 0.28578618,-0.1583713 , 0.6737049 ,-0.24445195,
  0.68266207, 0.63577555,-0.21601956,-0.5192637 ,-0.05952886,-0.70820944,
  0.14005026,-0.86995658, 1.64260871,-0.71679553, 0.19878679, 0.68219637,
  0.12778369, 0.46256287, 0.85517432, 0.02852949, 0.69224628,-0.2303041 ,
  0.20547365, 0.3909722 , 0.66313241, 1.41713187, 0.16910522,-1.22727175,
 -1.09724526, 0.36160932, 3.03263436,-1.02835273, 1.25622929,-1.18108114,
 -0.17398369,-0.256879  , 1.28192054, 0.30418594,-1.11864524,-0.38062969,
  0.66237228,-0.06585662, 1.45584566, 1.68770214, 0.26835107, 0.14252584,
 -0.39683155,-0.62779449,-0.68138251, 1.02688839, 1.72549044, 1.4518351 ,
 -0.18388961,-0.16436394,-0.68362056, 1.70615689,-0.0989334 ,-0.02073385,
  0.56972929,-1.07329664,-0.85653613, 0.12605895,-0.21300015,-0.19880445,
  0.61152702,-0.47636711, 0.29143353, 1.04711907, 0.58373405, 0.15953586,
  0.56076048,-0.22508874, 0.35586499, 0.68299512,-0.5649689 ,-0.45889993,
 -1.30864859, 0.80138616, 0.10208725, 0.08957494,-0.21020887, 0.1263215 ,
 -0.18060027, 0.48744382, 0.5740491 , 0.85003678,-0.64038167,-0.97140494,
 -0.80157539, 0.6811259 ,-0.73169188, 0.53200711, 0.5302996 , 0.85162196,
 -0.83786854,-0.33492015,-1.35699339, 1.15319577,-2.2413664 ,-0.22741407,
  0.59504599, 0.10587798, 0.86350077,-0.11905156,-1.11381216, 0.11833439,
  0.86628045,-0.07807846,-0.6274354 , 0.70724081,-0.38587821, 0.18450001,
  0.08249431, 0.4666492 ,-0.7238613 , 0.20922762, 0.26152793,-0.47279676,
  1.07728846, 0.77361154,-0.8413989 , 0.33280307, 0.22837624,-1.09284352,
 -0.82641633, 0.30461082, 0.06844556, 0.11670555,-0.57098759, 0.27538656,
 -1.14192844, 0.80118397,-0.45969849,-0.32140494,-0.15154747, 0.39992777,
  0.07540532, 0.86708038, 0.49728771,-0.35422642, 0.97403103, 0.17296828,
  0.29068351,-0.58852093, 0.11777657, 0.67316014, 0.12517588, 0.04488336,
 -1.3289707 , 0.4516467 , 0.19663652, 0.36993832,-0.46788139,-0.52553202,
  0.1953658 , 0.11468017,-0.60975304, 0.9040134 , 0.99806305,-0.69686002,
 -0.24156859, 0.67669897, 0.04908628, 1.10684432, 0.22131013,-0.87159006,
 -1.27242549, 0.16652845, 0.1659084 , 0.07385018, 0.05972517,-0.15044601,
  0.5346701 , 0.33856547,-1.81742962, 0.72496728,-0.63753933, 1.05818074,
 -4.31639399,-3.1041488 ,-2.50833722, 2.08184241]
[-3.09356162e-02,-1.63513465e-01, 7.41529287e-02,-5.55771213e-01,
  4.13062261e-01,-2.64720216e-01,-1.55521146e-01, 5.44745763e-02,
  5.68595015e-01,-2.98181300e-01,-1.80561966e-02, 8.10728578e-02,
  8.24146453e-01,-4.88859008e-01, 2.13162507e-01,-6.71645959e-01,
 -8.67743740e-01,-1.26000078e-01,-8.18935576e-02, 5.40838183e-01,
  8.48557709e-01, 7.69309400e-01, 3.80688018e-01,-9.26600521e-01,
 -6.80280528e-03,-1.47101124e-01,-3.99616692e-01, 4.19655801e-01,
  3.10008108e-01,-6.07917084e-02, 1.69909339e-02,-3.67346222e-02,
 -6.85864837e-02,-1.78556575e+00, 1.24877859e+00, 1.10444266e+00,
  7.62567547e-01, 7.56821060e-01,-5.45921021e-01,-6.40610447e-01,
 -9.32371563e-01, 1.60946602e+00,-1.20644260e+00,-1.45112320e+00,
 -8.15289150e-01, 2.28151973e-01,-2.22757437e+00, 1.25757647e+00,
 -5.40018122e-01,-1.44305877e+00, 1.70470804e-01, 6.63244329e-01,
 -2.46059681e-01,-1.66882437e+00, 1.84519257e+00, 1.08740342e+00,
 -1.78489010e-01,-9.88751592e-01,-7.03713030e-01, 1.39762673e+00,
  5.65569625e-01, 1.65683503e+00,-8.51245526e-01,-1.95134552e-01,
  1.47735015e-03,-5.21449240e-01,-1.02286799e+00, 1.02345679e+00,
 -5.07745291e-01, 7.44547225e-02,-3.87962019e-01, 1.01523119e+00,
 -5.37351146e-01,-1.34284660e-01, 1.05667174e+00,-1.14914255e-02,
 -6.85334287e-03,-9.89564711e-01, 7.36503264e-01, 2.46092351e-01,
  4.59485807e-01,-1.06460213e+00, 6.80842699e-02, 4.01501915e-01,
 -9.51585655e-01,-7.76585775e-01, 4.47363187e-01, 3.38236103e-01,
  8.98634890e-01, 3.04949067e-01,-3.29613353e-01,-7.34162605e-01,
 -5.30124461e-01, 7.39001107e-01, 9.96729038e-01, 1.75418953e-02,
 -6.55224356e-01,-1.25702516e-01, 2.93160102e-01, 3.43779854e-01,
  2.04489485e-01, 3.47092887e-01, 7.44529651e-01,-8.88426141e-01,
  2.81870036e-01, 1.08722856e+00,-1.01423088e+00, 6.97382934e-01,
 -3.95382357e-01, 3.10308875e-01, 3.88595377e-01,-2.53383944e-01,
 -4.36935823e-01, 1.10819256e+00,-1.52856209e+00, 1.66942182e-01,
 -1.34542875e-01, 2.72893857e-01, 5.60091319e-01, 4.18689051e-01,
  9.18637170e-01, 3.21419791e-03, 4.52686059e-01, 1.32073158e-02,
 -3.45594977e-01, 2.89520923e-01, 9.66460946e-01,-9.54379165e-01,
 -4.99752439e-01,-5.69888610e-02, 9.54676587e-01,-3.15076674e-01,
  1.17987011e-01,-9.89922585e-01, 3.68073214e-01,-1.73140016e-01,
 -9.30906530e-01, 8.87459844e-01,-9.88453856e-02, 1.40541031e-01,
  9.68329921e-02, 3.02764016e-01, 6.29727981e-01,-8.15694427e-01,
 -7.46095421e-02,-6.79650499e-01, 1.03222165e+00,-5.91135368e-01,
  8.01635457e-01, 2.21707145e-01,-4.17564032e-01, 8.14421989e-02,
  1.83952842e-01,-3.94211438e-01,-2.83368174e-01, 2.28977435e-01,
  1.73832241e-01,-8.49270674e-02, 5.40504472e-01, 2.58969568e-01,
  5.64760139e-01,-1.52307966e-01, 5.76380795e-01,-6.19281287e-01,
 -8.30909408e-01, 2.49448683e-01,-9.31957377e-01, 4.49175177e-02,
  1.63350368e-01, 9.49181572e-01, 1.15618724e+00, 3.96350622e-01,
 -5.42194872e-01,-4.47978594e-01,-7.19103493e-01, 3.49190009e-02,
  9.82773137e-01,-7.93306027e-01,-6.23787426e-01, 6.87860861e-01,
 -2.80088568e-01, 5.13044959e-01,-2.42442623e-01, 2.22486032e-01,
 -9.64292906e-01,-6.61962589e-01, 1.51823037e-01,-5.71170149e-01,
  2.74652818e-01, 2.02009056e-01, 3.33338299e-01, 7.07010799e-01,
 -5.90789893e-01, 3.68865806e+00, 3.83270634e+00,-2.21788920e+00]
[-6.41262552e-01, 8.87284268e-01, 2.84534939e-01, 5.93944698e-01,
  1.66320542e-01, 3.91437841e-01, 1.16985147e-01, 4.16556252e-01,
 -8.62733184e-03, 5.12970542e-01, 5.11995533e-01, 1.00745055e+00,
 -1.98808801e-01, 1.30338245e+00, 7.03438200e-02, 1.64588577e-01,
 -8.83551764e-03, 3.26839218e-01,-2.13272771e-02, 5.18077886e-01,
  2.89740027e-01,-3.76371881e-01, 4.36107421e-01, 8.08754951e-01,
 -1.14818533e-01, 1.64255774e-01,-1.54606277e-01, 1.64556878e+00,
  1.77363229e-01, 4.26225868e-01, 4.00279146e-01, 8.00617851e-01,
 -1.99726913e-01, 3.17161889e-01,-2.65380649e-01, 8.96306495e-01,
 -4.57873864e-03, 8.35296394e-01, 6.21740340e-01,-9.45144865e-01,
 -1.28929287e+00, 1.49133165e+00,-6.45041573e-01, 4.42668999e-01,
 -9.23377026e-01,-2.16775148e+00,-3.41381569e-01, 2.04832492e+00,
  1.55410406e+00, 9.69031284e-01,-9.56600947e-01, 1.15297694e+00,
  1.15359006e-01,-5.68010591e-02, 2.95339700e-01, 1.25976254e+00,
 -1.22145395e-01,-1.38971754e+00,-7.52075362e-01, 1.75645015e+00,
 -3.38991463e-02, 4.05570172e-01, 9.48891371e-02,-4.03399547e-01,
  2.06876354e+00,-6.94904203e-01,-1.23315273e+00,-8.02512540e-01,
 -4.35755739e-01,-1.23080972e+00,-3.33215701e-02,-2.95674803e-01,
 -7.60892243e-01, 9.42868816e-02, 5.99478829e-01, 1.34222971e-01,
 -8.66294389e-01, 6.12014335e-01, 6.68082378e-01,-1.42433806e-02,
  1.27466229e+00,-7.88510578e-01,-1.33456613e+00, 7.69826064e-01,
 -2.95190447e-01, 2.56216170e-01,-5.72358480e-01, 1.09852909e+00,
  8.51928661e-01,-6.53613097e-01,-6.00921018e-01,-1.06890040e+00,
  2.55419769e-01, 1.09235940e-01, 5.03827522e-01, 4.45847545e-01,
  6.05495301e-03,-5.29802095e-01, 6.84793319e-01, 7.28488279e-02,
 -5.86673952e-01, 8.71225605e-01, 5.23226940e-01,-9.39181098e-01,
  3.41334911e-01,-4.86717843e-02, 7.74250686e-01,-9.50098866e-02,
  5.46266572e-02, 1.84792918e+00, 6.89832190e-01,-5.19604865e-02,
  1.11504792e+00, 8.24339337e-01, 3.17931485e-01, 1.02419281e+00,
 -9.82634428e-01,-1.43983572e-01,-7.00371868e-01,-7.83806407e-01,
 -9.81211521e-01,-1.44787884e-01,-8.64152322e-02,-3.26055551e-01,
 -4.50281677e-01,-6.42480716e-01, 8.44674574e-01, 2.12770889e-01,
 -2.17970666e-03, 9.52254355e-01, 1.33449487e-01,-7.62678330e-01,
 -3.37937278e-01,-8.81831594e-01,-8.19364030e-01,-8.65359250e-01,
  3.86575863e-01,-1.53089150e-01,-2.79424764e-01,-4.38208007e-01,
 -5.20648015e-01, 7.07169819e-01, 6.89069416e-01,-3.86899952e-02,
  2.74092626e-01, 1.29930041e+00,-3.37447620e-01,-4.21464020e-01,
 -9.72520157e-01, 3.90093624e-03,-3.66594945e-01, 1.79406420e-01,
 -4.22437315e-01,-8.84254684e-02,-5.37192045e-01, 2.23820824e-01,
 -5.34065148e-01,-1.90651401e-01, 1.34845305e+00, 1.56244225e-01,
  4.75456484e-01, 5.71987193e-01, 8.35909616e-01,-8.68539517e-01,
  3.29781814e-01,-6.11634485e-01,-1.38533296e+00,-3.00438315e-01,
  1.34329495e+00, 1.34885830e+00, 9.53226172e-01, 3.86597896e-01,
 -1.26178522e-01,-5.40843321e-01,-9.60963931e-01, 2.21887132e-01,
  7.98214395e-01,-8.49488935e-01,-2.24036204e-01,-2.72646660e-01,
 -2.96461844e-01,-7.14704399e-01,-2.83525259e-01,-2.78560237e-01,
  2.57476074e-01,-1.89654332e-01, 1.21392325e-01,-4.36059581e-01,
  5.92495050e-01, 1.06980087e+00,-7.39416457e-02,-6.51672003e-01,
 -3.31393758e+00, 3.70756135e+00, 2.31698547e+00,-3.18549559e+00]
[-9.60643436e-01,-3.29473053e-01, 9.07898648e-01, 8.00674857e-01,
 -1.81826834e-02, 7.50925605e-01, 1.37538985e-01,-2.03831241e-01,
  4.79960250e-01, 5.11088374e-01,-3.23949892e-01,-1.27111600e-01,
  5.27565875e-01, 5.34566658e-01,-9.70131054e-01, 2.35443463e-01,
 -1.78732385e-02,-1.42961085e-01, 1.37157946e-01,-1.99456703e-01,
  7.53900135e-01, 9.63317739e-01, 6.55499403e-01, 1.99208240e-01,
  1.30240005e+00, 3.44111961e-01, 2.26283568e-01,-3.36790684e-01,
  1.67316658e-03,-1.27571726e+00,-2.63892721e-03,-2.12890968e-01,
  5.72811331e-01,-9.92500537e-01, 7.23766447e-01, 1.90153565e-01,
 -5.43004755e-01,-4.17418105e-01,-4.34586180e-01, 5.74072133e-01,
 -5.68396967e-01, 6.07196678e-02, 5.81318725e-01, 8.63889879e-01,
  5.87377644e-02,-8.01494579e-01, 2.12462764e+00,-2.13249628e+00,
 -1.81519760e-01,-7.15809767e-01, 3.68146822e-01, 4.25838814e-01,
  8.28390607e-01,-8.31374897e-01,-8.97350462e-01, 1.16667889e+00,
  7.28881938e-01, 6.25229156e-01,-9.90726645e-01,-1.27222897e+00,
 -1.47099962e-01, 1.22241652e+00, 7.00002364e-02, 1.71020641e+00,
  8.60046180e-02, 6.01980985e-01, 1.09577560e+00,-8.38841748e-01,
  6.56879932e-01,-6.50958419e-01,-4.62948802e-01,-7.09593716e-01,
 -9.55818766e-01, 5.15174245e-01, 7.47553108e-01,-1.78328823e-01,
 -4.64044858e-01, 9.86563111e-01, 7.52742716e-01,-4.20821194e-01,
  1.34499040e+00,-5.70955126e-01, 7.37471054e-01,-1.41405233e-01,
  1.52238697e+00, 1.15174321e+00, 4.45933036e-01, 5.89464902e-01,
 -8.71614780e-01,-1.03373610e-01,-8.09188888e-02,-4.73751855e-01,
 -9.05042375e-01,-3.56737360e-01,-4.57468983e-01, 3.34231894e-02,
  8.10179886e-01,-8.73822874e-01, 2.77674917e-01, 2.11806377e-02,
  3.21656578e-01,-4.61398983e-01,-9.01310722e-01, 1.02656509e+00,
 -6.06815942e-02, 4.24527185e-01,-3.96897351e-01,-1.13992765e+00,
 -1.26284534e+00,-7.14817528e-01,-7.57209826e-01, 1.39713732e+00,
  5.88096783e-01,-5.86603078e-01,-1.50876121e+00,-1.06868292e+00,
 -2.04779585e-01,-4.17121636e-01, 1.44885539e-01, 7.79068942e-01,
 -3.66020186e-01, 5.14973571e-01, 3.52512669e-01, 5.80432676e-01,
 -3.03137609e-01, 1.00664669e+00,-6.95759111e-01, 1.01857630e+00,
  8.13590386e-01,-2.35871774e-01, 5.16010894e-01, 6.58585867e-01,
  9.70935902e-01, 4.48101430e-01, 7.91075996e-01, 5.20255550e-01,
 -6.48118004e-01, 1.72503132e-02,-5.73010673e-02, 4.06789013e-01,
 -8.10368290e-01, 4.95019984e-01, 8.17913709e-01,-1.40024248e-01,
  8.39325587e-01,-2.78038810e-02,-5.37042734e-01, 5.31724026e-01,
  5.09716602e-01,-8.55134701e-01,-9.03555872e-01,-5.05667991e-01,
  9.33122894e-01,-6.72593239e-01, 3.61150354e-01,-4.21863453e-01,
 -5.14764753e-01, 5.65816101e-01, 2.17502455e-01,-6.09445778e-01,
 -1.11208036e+00, 1.76365637e-01, 3.80015427e-01, 1.50896155e-01,
  5.10869571e-02, 2.61438321e-01, 4.96944851e-01,-3.82628058e-02,
 -2.17450609e-01, 4.66969699e-01, 5.08896071e-01, 1.76630901e+00,
 -1.16684339e-01,-4.07799670e-01,-2.12325487e-01,-8.86622935e-01,
  4.70977523e-01,-2.82196872e-01, 7.73875562e-01,-7.74723894e-01,
  4.17551582e-01, 2.19044185e-02,-1.23427675e+00, 3.05825107e-01,
  6.76097675e-01,-2.85777587e-01,-8.03595287e-01, 8.67366378e-01,
  6.30478691e-01, 3.39649274e-01,-1.33297518e+00, 1.36641747e+00,
 -2.35075277e+00, 1.57608296e+00,-2.89223973e+00, 3.99898951e+00]