NN backprop lr=0.0001, hidden nodes=[4]

        1 layer, [4] hidden nodes  
        clip max  = 50 
        activation = relu 
        max iters = 1000
        learning rate = 0.0001
    
train accuracy: 0.9777048283408563, 1.0, 1.0, 0.9998632198057721, 1.0, 0.9997264396115443, 0.7744494597182328, 1.0, 0.9998632198057721, 1.0
train acc mean: 0.9751607167282177
train acc std: 0.0672311930721734
test accuracy: 0.9790897908979089, 1.0, 1.0, 1.0, 1.0, 1.0, 0.7847478474784748, 1.0, 0.998769987699877, 1.0
test acc mean: 0.9762607626076261
test acc std: 0.06413791781807913
loss: 0.01666603610165185, 0.0031168090050644865, 0.002088109844065564, 0.005219384823432743, 0.0012361076210910666, 0.004388444184763008, 0.18237819392892599, 0.0024303136328620223, 0.00271876764143615, 0.002631644165338594
fitted weights: 
 [-2.78046403e-01,-9.08056082e-01, 1.69678619e-01,-6.20668004e-01,
  1.21745497e-02,-8.07393107e-01,-6.30208754e-01, 3.68446567e-01,
  1.33971594e-02, 5.26677731e-01, 2.58934320e-01, 3.63286184e-01,
 -3.55594984e-01,-3.83929464e-01, 4.36555616e-01,-8.85868642e-01,
  1.64165413e-02, 2.34620928e-01,-1.75136268e-01, 2.86607767e-01,
 -2.34868804e-01,-9.34422284e-01, 6.85214022e-01,-1.45116181e-01,
  1.38831368e+00, 9.84322501e-01,-8.11537354e-01, 4.24771715e-01,
  2.72398094e-01, 8.57107384e-01, 9.15760426e-01, 2.70184467e-01,
  7.15673244e-01,-1.75135044e-01, 3.69673136e-01, 4.19816667e-01,
 -2.81233924e-01,-8.92855744e-01, 1.02653197e-01,-7.86001678e-01,
 -3.02528385e-01, 3.31998060e-01, 6.76630839e-01, 8.99706943e-01,
  7.75812378e-01,-3.12330837e-01,-9.92898776e-01,-3.06599393e+00,
  7.38757646e-01, 7.35039166e-01,-5.30197565e-01, 6.94438749e-01,
  4.47284230e-01,-7.23292858e-01,-4.62241133e-01, 1.60301677e+00,
  9.23616807e-01,-7.38684215e-01,-5.63024174e-01,-1.17059724e+00,
 -1.02967889e+00,-2.02817927e-01, 6.98608999e-01, 8.41300329e-01,
  1.51540469e+00, 7.88864506e-01, 1.11480907e+00,-3.69340145e-01,
  5.30476870e-01,-3.28147289e-01, 7.28028083e-02,-5.91855461e-01,
 -1.27263133e-01,-6.94491028e-01,-4.73031143e-03, 4.65028619e-02,
  3.30321194e-01, 8.78313496e-01,-5.58834577e-01,-4.40886105e-01,
  1.85068695e+00,-5.09257646e-01,-1.01966063e-01, 4.09191685e-01,
  1.14159346e+00,-6.64360136e-01, 2.89735401e-01, 7.03299233e-01,
 -5.21977047e-01, 4.59910066e-01, 5.85019886e-01,-5.67126229e-01,
 -2.42327924e-01,-6.12638931e-01, 6.56973395e-01, 1.20495019e-01,
  4.49357243e-01,-3.80486608e-01,-9.28137038e-01, 1.90319756e-03,
 -1.17052688e-01, 7.78886348e-01, 2.94356986e-01, 1.06130170e+00,
 -4.29012397e-01, 7.69328382e-01,-4.83244691e-01, 2.45998587e-01,
 -1.43026340e+00, 2.46061907e-01, 7.79310353e-01, 1.83591475e+00,
  4.24653017e-01,-2.02563105e-01, 7.00493208e-01,-1.38284245e+00,
  5.06838614e-01,-4.32110780e-01, 5.84919505e-01, 5.46922980e-01,
  5.07831834e-01,-9.90189340e-01,-6.58424632e-01, 4.83829333e-01,
  1.87457459e-01,-3.32437268e-01,-6.18445637e-01, 6.33330024e-01,
 -5.19760126e-01, 2.55026199e-01, 4.16557755e-01,-6.33790273e-01,
  1.07129132e+00, 6.03915118e-02, 6.06630096e-01, 4.97153142e-02,
  2.89737875e-01,-6.05482142e-01,-8.37703731e-01, 1.35497208e+00,
 -1.01570571e+00, 5.81346504e-01,-2.90083346e-01, 9.97352666e-01,
  9.87867608e-02,-4.25173690e-01, 1.98757096e-01, 2.14077588e-01,
  2.17411155e-01, 2.36738374e-01,-1.44080325e-02, 4.79344116e-02,
  6.72255208e-01, 1.95952717e-01,-1.60770903e-01,-7.32342062e-02,
 -3.94315833e-01,-7.07642078e-01, 2.49874299e-02,-5.58231438e-01,
 -4.01524350e-01,-8.00565811e-01, 3.49010695e-01,-1.58149100e-01,
  9.54249833e-01, 9.28845976e-01, 1.14345739e-01, 2.80251579e-01,
 -3.49281736e-01,-6.76930422e-01, 3.58191029e-01, 6.60496714e-01,
  8.58500526e-01,-8.75914298e-01,-5.63369537e-01, 5.01658823e-01,
  1.18968758e+00,-4.27669720e-01,-2.22263057e-01, 2.57898789e-01,
  6.69432208e-02,-3.30289330e-02, 4.85362274e-01,-5.26617188e-01,
  8.32633181e-01,-2.30130410e-01,-6.44787529e-01, 1.09673517e+00,
 -7.09219689e-01, 1.66686866e-01,-5.39967930e-01, 1.44316324e-01,
 -3.51215965e+00, 4.85073198e-01,-7.20278723e-01, 4.08585171e+00]
[-5.51901107e-01, 6.91034376e-01,-2.57949644e-01,-1.85043083e-01,
  2.21829740e-01,-1.39652657e-01, 4.68188330e-01, 2.11222152e-01,
  8.29662178e-01,-1.18248865e-01, 1.61892634e-01, 4.81647166e-01,
 -8.01348536e-01, 3.87979754e-01, 3.47631899e-01, 1.95143768e-01,
 -3.80572076e-01,-1.22444120e-01, 3.40021158e-01, 2.06612208e-01,
 -7.49207409e-01,-1.44820281e-01, 4.41771924e-01,-5.52160119e-01,
  7.62436231e-01, 7.05505419e-02, 9.12995450e-01, 1.61509369e+00,
  2.38999363e-01,-2.09360393e-01, 4.87577259e-01, 6.75239794e-02,
 -1.15348396e+00,-9.54946651e-02,-8.33647469e-01, 8.57939069e-01,
 -7.31261865e-01, 3.06009997e-01,-5.44927661e-01,-1.88530210e-01,
 -1.37448386e-01,-2.03976805e-01,-5.36396774e-01,-1.59310972e+00,
  4.41837141e-01,-3.55227258e+00, 4.84689724e-01,-2.63266207e-01,
 -4.47580944e-01, 9.00288589e-01,-3.15635794e-01, 8.24633413e-01,
 -1.56644561e-02, 6.91941593e-01,-1.65663136e-01, 4.16246225e-01,
  1.76221130e-01,-8.41234411e-01,-8.61547938e-01, 1.86060384e+00,
  1.13131173e+00, 1.32128802e+00, 3.65999591e-01,-4.18937811e-01,
  5.85430091e-01,-9.02228985e-01,-3.17315950e-01, 1.67863174e-01,
 -1.15043767e+00,-3.16061364e-01,-9.24206368e-01,-4.31015896e-01,
 -9.16313212e-01, 4.12390202e-01,-4.62150163e-01,-5.48878658e-01,
 -6.35843494e-01, 8.37575689e-01,-6.69486532e-02,-9.08899997e-01,
  2.07448384e-01, 4.35122068e-03,-5.26655013e-01, 1.74705473e+00,
 -5.82215916e-01, 1.43038528e+00,-5.32434013e-01, 1.22009683e+00,
  9.60271749e-01,-7.19105601e-01,-7.82656045e-01,-1.75652321e-01,
  7.91057069e-01,-5.28932355e-01,-7.19442278e-01,-2.56053570e-01,
  9.37752448e-01, 4.35456276e-02,-4.26854480e-01, 3.61180366e-01,
 -2.99572763e-01,-2.38903433e-01, 6.06301897e-01,-3.68153380e-01,
  8.38830523e-01,-2.24244270e-01, 3.06655864e-02, 1.45945639e+00,
 -1.16863498e-01, 1.59292092e+00,-1.47663150e-01,-1.14432072e+00,
  6.09691171e-01,-1.37972161e+00,-4.32438743e-01,-8.12157936e-02,
  5.52795202e-01, 6.13916060e-01,-4.20287443e-01, 7.15936776e-01,
  5.64138791e-01, 4.30597835e-01,-5.26942800e-01, 4.63555988e-01,
  8.61573359e-01, 5.97108891e-01, 6.27234538e-01,-2.98299539e-01,
  3.44042399e-01, 1.39005999e-01,-5.23086440e-01, 6.08472704e-01,
  9.87786417e-01,-2.00539882e-01, 7.93693249e-01,-1.10837599e-01,
  9.31660588e-01,-4.32789634e-01,-6.88870832e-02, 2.79128758e-01,
  8.24325413e-01, 6.02118293e-01,-3.91205997e-01, 4.53478364e-01,
 -2.81325472e-01, 1.09417725e+00,-3.67701394e-01, 4.58723255e-02,
  2.40691192e-01, 6.20338808e-01, 3.51387233e-01, 1.26241306e+00,
  6.26674156e-01,-1.76004106e-01, 3.60901795e-01, 9.87186598e-01,
  4.44220949e-01,-5.79590846e-01,-1.48749353e-01,-5.01478284e-01,
  8.71270073e-01,-7.75545560e-02, 4.65661750e-01,-5.02362448e-01,
 -7.91315475e-01,-6.90823274e-03,-6.73679122e-01, 4.58651636e-01,
  1.15673836e+00, 8.47778769e-01,-6.62038720e-02,-1.69852016e-01,
  6.30001130e-01, 3.04835511e-02, 7.23118939e-01, 5.51374383e-02,
  4.74344971e-01,-2.60918747e-01,-9.24824398e-01, 1.01546653e+00,
  3.77265340e-01, 7.46745018e-01,-9.61452657e-01, 7.84346423e-01,
  4.89216666e-01,-4.88558720e-01, 5.13876938e-01,-7.06618536e-01,
 -3.42583584e-01, 1.19775458e+00,-1.82982550e-01,-5.10285044e-01,
  1.57991144e+00, 4.65942161e+00,-9.32285364e-01,-3.33686880e+00]
[-0.22399017,-0.77107332,-0.16382144, 0.10259047, 0.4357254 ,-0.05122128,
 -0.0136784 , 0.08446199, 0.4850374 , 0.02369077,-0.65023481, 0.06026597,
 -0.29219155,-0.40020418, 0.20634003, 0.76165445, 0.21768299,-0.05167674,
 -0.08492244, 0.01400182,-0.76025554, 0.61224201, 0.69818786,-0.33218688,
 -0.587124  , 1.13016338,-0.40386145,-0.27852279,-0.04811926,-0.0359485 ,
 -0.2043592 ,-0.71503188, 0.25538825, 1.19971882, 0.49265841, 0.40017814,
  0.62381795,-0.77857009,-0.54935147,-0.17783352, 0.40738468,-0.36309032,
  0.44691211, 0.40089646, 0.95834269, 1.29846763, 0.56885855,-2.83439075,
 -0.89284766, 1.17515862, 0.36266662, 0.96118624,-0.19625481, 0.82416569,
 -0.46156441, 1.35713811,-0.84222757, 1.77538765,-0.39371108,-1.57877724,
 -0.10573828,-0.31802283, 0.26215953, 1.6866615 , 0.91542077, 1.87393035,
 -0.04543475,-0.58974838, 0.4430361 , 0.15393865, 0.37864793,-0.70017521,
  0.3427857 ,-0.2924307 ,-0.33947521, 0.06086391,-0.11479572,-0.65746082,
  0.11980053, 0.17275565,-0.96785397, 1.97931201,-0.31261963, 0.56686986,
 -1.10725931, 1.20458835, 0.58584195, 1.21969908,-0.50985285,-0.08872313,
 -0.74895873,-0.20317598,-0.02798361, 0.5449432 , 0.92416497, 1.14810047,
  0.03064099, 0.70190746,-0.79909531,-0.22238962, 0.34325735, 0.30076721,
 -0.05560928,-0.93136537, 0.17199307,-0.61875496,-0.85130262, 0.30085376,
  1.08032837,-1.65931187,-0.15269718, 0.97798772, 0.85876304, 0.54795872,
  0.28959449,-1.95871674,-0.49480865, 0.07319958, 0.46141964, 0.01866294,
 -0.39249123, 0.11089731, 0.38599824, 0.02954942,-0.06511369,-0.82359265,
  0.82680798, 0.50100314, 0.02949196,-0.28319693, 0.47771675,-0.60754582,
  0.77406666, 0.37742482,-0.07611802,-0.79489077, 0.89522204, 0.10843336,
  0.42467437, 1.00844099,-0.40668809, 0.85735327, 0.43931997, 0.69672738,
 -0.17754998, 0.14557834,-0.513003  , 0.30845239,-0.97876641,-0.36771226,
 -0.86663427,-0.39075534,-0.34882204, 0.66245499, 0.37905123,-0.29989522,
 -0.63751334, 0.03606423,-0.52129835,-0.10793742,-0.810228  ,-0.00887398,
 -0.40177648, 0.46754598,-0.1914501 , 0.98012757, 0.25475187, 0.54253357,
  0.53317463,-0.35914426, 0.43098398, 0.04130468,-0.96541279, 0.28769775,
  0.8808323 , 0.25690283,-0.99661647, 0.65598355,-0.31063633,-0.68922826,
 -0.25324192,-0.49255779, 0.14525756, 0.15489586,-0.04828227, 0.18474682,
 -0.49504216, 0.50570883,-0.31764507,-0.76179388,-0.58571046, 0.45130542,
  1.73048617,-3.57259988,-0.5450846 , 4.22056037]
[-4.85705019e-01, 2.74865190e-01,-7.27398922e-01, 2.44275374e-01,
  6.01528844e-01, 7.98440108e-01, 3.34654104e-01,-3.72329062e-01,
  2.22198208e-01,-2.42279548e-03,-5.12404554e-01, 4.83478996e-01,
  1.80614278e-01, 9.21770491e-01, 7.23899263e-01,-9.07552337e-01,
  2.28923259e-01,-7.02445325e-01, 1.44964859e-01, 6.14458450e-01,
  4.70936430e-01, 1.48167899e-01, 8.67591132e-01, 4.97133483e-01,
  7.32960416e-01,-4.86893629e-01,-1.08972992e+00, 8.02784492e-01,
  2.12543423e-01, 9.27892697e-01,-8.41595637e-01, 1.63712092e-01,
  5.20204079e-01,-7.40934870e-01, 6.50377580e-01, 9.47477506e-01,
 -9.24957492e-01, 9.38136586e-01,-6.60267668e-01,-5.06153651e-01,
 -6.67945479e-01, 9.99705448e-01,-4.17268976e-01,-8.17057580e-01,
  2.38115020e+00,-2.66770487e-01,-1.91180350e+00, 3.93460789e-01,
  1.22483799e+00, 4.88374880e-01, 6.65593267e-01,-5.10240889e-01,
  8.09283330e-01, 4.78952590e-02, 6.75476170e-02,-7.00864454e-01,
  3.06894710e+00, 1.40360527e-01,-8.51359454e-01, 1.02775326e+00,
 -9.50545579e-01,-2.48041486e-01, 1.09814105e+00, 4.09560599e-01,
  3.06937239e+00,-1.57474151e-01,-8.65035775e-01,-5.22810031e-01,
  7.78776445e-01,-3.79420301e-01,-4.09527942e-01, 6.16825918e-01,
  2.94331153e-01, 5.11323105e-01, 1.04278358e+00, 3.79223261e-01,
 -9.84384482e-01, 1.95241719e-01,-8.10673117e-01,-8.00486001e-01,
  2.58178707e+00, 1.59351466e-01,-2.07259009e+00, 5.46106806e-01,
  1.41783595e+00, 1.52257757e-01, 4.04024965e-01,-7.80743047e-01,
  3.84065439e-01,-4.71227872e-01, 1.17074413e-01,-9.71468634e-01,
 -5.03990121e-01,-6.33160240e-01, 1.91442410e-01, 3.63756903e-01,
  3.81067266e-01,-3.16103402e-01,-2.73622592e-01,-5.38669156e-01,
 -7.42445605e-01,-5.65726270e-01, 6.36820179e-01,-9.75908213e-01,
  8.73289656e-02,-5.18457337e-01, 1.10413490e+00,-6.24823525e-01,
 -1.22726327e+00, 1.60780252e+00, 2.40197233e-01,-5.19507950e-02,
  1.24951543e-01, 2.54252475e-01,-6.83348012e-01,-7.64960877e-01,
 -4.46832952e-01,-5.46113180e-01, 2.44885782e-01,-7.89712024e-01,
 -3.73963348e-01, 2.33354657e-01, 2.68498530e-02,-2.73365777e-01,
 -7.96087107e-01,-8.59405353e-01,-1.78367347e-01, 9.49297693e-01,
 -6.31557546e-01, 1.18638098e-01, 5.24703499e-01, 2.26105609e-01,
  5.58101396e-01, 2.41797848e-01, 5.28309279e-01,-1.39943927e-01,
 -7.62800345e-01, 1.18184985e+00,-3.31448382e-01,-8.39424877e-01,
  2.34104847e-01,-1.21747058e-01, 8.61566002e-01,-6.20051696e-01,
 -1.31437111e-01,-1.84674616e-01, 1.23494718e+00, 3.10666364e-02,
  1.80844078e-01, 7.11871648e-01,-8.80520236e-01,-5.10131503e-01,
  3.11424881e-01, 2.85130199e-01, 1.25766963e-01, 1.71510675e-01,
 -6.61749864e-01, 7.90079035e-03,-6.28572868e-01, 9.37581684e-01,
 -8.38885849e-01,-5.89520952e-01, 7.01810205e-01,-3.34478102e-01,
  1.16912906e+00,-3.66045562e-01, 3.19911889e-02,-2.57992599e-01,
  1.48172221e-01, 4.68688393e-01, 6.58635266e-01, 9.70366560e-01,
  5.32783237e-01, 4.78825645e-01,-6.20492882e-01, 8.89203725e-01,
  1.30960662e+00, 4.47096258e-01,-7.27009217e-01,-7.23687263e-01,
  3.47254949e-01, 1.77886077e-01,-1.06524359e+00, 2.31815177e-01,
  1.84555658e-01,-7.96154417e-01, 1.97713015e-01,-4.08612335e-01,
 -1.94621437e+00, 1.68234203e+00, 1.10180127e+00, 9.10343955e-01,
 -4.96843908e+00, 1.29663306e+00, 2.59232215e+00,-1.86408436e-01]
[ 0.48022457,-0.04684023,-0.93514024, 0.195144  , 0.27061457, 0.11411103,
  0.60330547, 0.33412819,-0.14348279,-0.04269787, 0.68424073,-0.25683776,
  0.01027254, 0.72649864,-0.08281319,-0.6899403 , 0.14470494,-0.11295002,
  0.41843855, 0.17543148,-0.58153878, 0.62339405, 0.15918203, 0.32271219,
  0.90161432, 0.12231742, 0.91638326,-0.12262471, 0.17493501,-0.21642617,
 -0.06786045, 0.20255181, 0.61553666,-1.87235937,-0.48267653, 1.82092965,
  0.36489959, 0.23376201,-0.84693999,-0.45318772,-0.49270493, 1.96200498,
 -0.63862526,-1.02034714, 0.17863061,-0.26948322, 0.1808526 ,-2.24626668,
  1.04784072,-0.58140184, 0.88209257, 0.02064699, 0.8935812 ,-1.3605385 ,
 -0.01838176, 1.91860926, 0.61437286,-0.88816566, 0.22609453,-1.52092476,
 -1.61027404, 0.63882826, 0.82791268,-0.41370045, 1.03999417,-0.60274339,
  0.37700457,-1.14655439, 0.95608313, 0.10835456,-0.36736992,-0.52903184,
  0.68799466, 0.45284558,-0.67944199, 0.27541123, 0.28422508, 0.0578738 ,
 -0.17053764,-0.03427754, 1.90277183,-0.12275399,-0.18320217,-0.38192643,
  0.21801491,-1.25783789,-0.38188996, 0.93234873, 0.22300204, 1.27994405,
  0.41688108, 0.45930865, 0.04364368, 0.23635951, 0.89579759,-0.54554894,
  0.33544912, 0.22995447,-0.75321347,-0.35495913,-0.67632595,-0.31481361,
  0.14334315, 0.99117428,-0.3190691 , 0.64828352, 0.72753541,-0.89189751,
 -1.86820948, 0.28987921, 0.23961531, 0.13624853, 0.60553354, 1.01473086,
 -0.44701872,-0.54431956, 0.56850321,-0.31069128, 0.33344356, 0.74664119,
  0.65371092,-0.24787834, 0.66081195, 0.74728053,-0.3147002 , 0.78334922,
  0.22080687, 1.06537135, 0.48275179, 0.67248686, 0.24639855, 0.46275416,
  0.97153182, 0.53031093,-0.87261166, 0.29111276,-0.39451946,-0.5740973 ,
 -0.54864972, 0.86108654,-0.90398488,-0.24497469, 0.59151085,-0.67625423,
  0.10792788,-0.31398427,-0.18728613,-0.08746563,-0.62823511, 0.17022816,
 -0.54320974,-0.23836344, 0.29149032,-0.07627341, 0.79537742,-0.57251859,
  0.22896564, 0.27293945,-0.3575701 , 0.28433379,-0.79595879,-0.32436337,
 -0.41722379, 0.02831071, 0.19937487, 0.44246909,-0.68359609,-1.4972513 ,
 -0.46185466, 0.35551716,-0.13793642, 0.72690401, 0.17191801, 0.01588676,
  0.18950667,-0.90656666, 1.1701057 ,-0.64498433,-0.35119945,-0.85453279,
  0.63750887, 0.99832161,-0.64440186,-0.87367891, 0.24479222, 0.53652415,
  0.78119833,-0.11600041,-0.05763881, 0.86021439, 0.32016211, 0.63576308,
 -2.81427542, 3.25123253, 0.88453691, 3.95201733]
[-6.23548578e-02, 1.59537255e-01,-2.45699605e-01,-1.68721579e-01,
  7.61206720e-02, 4.46311565e-01,-2.42204876e-02, 7.32092765e-01,
  5.82606587e-02, 2.02811179e-01, 1.79430191e-01, 4.04168549e-01,
  1.00556517e+00, 6.03515900e-01, 7.82374142e-01,-1.09951937e-01,
  7.68208091e-02, 4.41994860e-01,-1.32886787e-03, 2.24175611e-01,
 -5.16403258e-01, 6.10291227e-01,-2.03714651e-01, 3.72533633e-01,
 -5.90929197e-01, 8.07184738e-01, 1.60405010e-01, 3.82650087e-01,
 -6.91528894e-01,-3.58985542e-01, 2.48939166e-01,-2.30692237e-01,
 -2.60472717e-01, 1.04520604e+00,-5.15429728e-01, 6.22757092e-01,
  1.27266220e-01, 7.22163809e-01, 8.35694429e-01, 5.61853933e-01,
  8.98751633e-01, 2.68002052e-01,-9.35980879e-01,-7.67653929e-02,
 -2.94458562e+00, 9.41035909e-01,-4.26458498e-02,-2.26894988e-01,
  8.98376457e-01, 1.17873818e+00, 9.87122763e-01, 8.43602484e-01,
  9.99485002e-01, 9.01521679e-01,-7.98269779e-01,-5.23719782e-01,
 -1.16850371e+00,-1.47038504e-01, 1.66309027e+00, 9.73255732e-01,
  1.56257610e+00,-4.41534745e-01,-5.07437651e-01, 4.74762640e-01,
 -1.20318800e+00, 1.27011628e+00,-9.26071349e-01,-2.25880941e-01,
  6.13064877e-01, 6.73402297e-01, 6.28856689e-01, 5.10931512e-01,
  5.83387917e-01, 4.11223350e-01,-8.70691423e-01, 3.51882113e-01,
  6.84837828e-01, 6.77961854e-01,-7.19110328e-01, 9.83829864e-01,
 -6.45848832e-01, 1.17118790e+00, 1.00568928e+00,-2.08748069e-01,
  7.99419572e-01, 6.09283258e-01, 1.14290046e+00,-5.28554951e-01,
 -1.86895256e-01,-3.01469704e-01,-1.04979605e+00, 4.63165930e-01,
  5.31619539e-01, 1.09690259e-01,-8.04973005e-01, 4.25118000e-01,
  2.43746489e-01,-4.87908449e-01, 1.08417992e+00, 6.15806512e-01,
  6.42447295e-01,-9.61093516e-01,-6.81631450e-01,-5.73451476e-01,
  2.46889757e-01, 9.02905631e-01,-4.01398557e-01, 1.92840433e-01,
  2.26061282e+00, 3.34757550e-01,-1.15295515e+00,-1.00919899e+00,
 -1.53764535e+00,-9.33761111e-01,-1.24500878e-01, 3.83250732e-01,
  6.92384244e-01,-7.70671238e-02,-6.69990833e-01, 9.75564674e-01,
  1.08758767e+00, 1.46076473e-01,-8.98597062e-01,-1.02577594e+00,
 -4.72468128e-02, 1.06045803e-01, 1.84627778e-01,-6.86906017e-01,
  6.92213835e-01, 2.74978154e-02, 1.27073902e-01,-2.43511957e-01,
 -8.62484107e-01,-3.08671115e-01,-5.30580788e-02,-8.46421132e-01,
  4.78824711e-01,-1.24988861e+00,-4.88000672e-01,-6.70837673e-01,
 -5.82950550e-01,-3.59238626e-01,-3.18692325e-01,-5.50927707e-01,
  4.19212022e-01,-7.42482097e-01, 8.47140152e-01,-7.50504767e-01,
 -5.45812781e-01, 8.03207846e-01,-5.57752950e-01, 4.42245873e-01,
 -9.69788407e-01, 1.98925836e-01,-5.24067209e-04, 1.82060504e-01,
 -6.58090871e-01,-6.18343245e-01, 1.72893126e-01, 2.26287714e-01,
 -1.20326398e-01,-6.18435838e-01, 2.58660252e-01, 1.21892901e-01,
  5.77794100e-03, 3.17149008e-01, 8.74270695e-01, 4.39489475e-01,
  1.08432723e+00,-7.76583298e-01, 4.20475120e-01,-7.95341962e-01,
 -2.52990519e-01,-2.68799670e-01, 9.29256325e-01, 3.15760241e-01,
 -2.30191363e-01, 1.21881386e+00,-5.25879150e-01,-5.37265340e-01,
  1.15651870e-01,-1.49925731e-01,-8.54551292e-01,-2.30179479e-01,
  8.32834412e-01, 6.49236825e-01, 6.51206905e-01, 3.24839696e-01,
  1.04941373e-01,-1.02567044e+00,-9.86268808e-01, 5.97854193e-01,
  4.37178260e+00,-3.03899397e+00,-2.14200187e+00, 7.70707136e-01]
[ 0.45762256,-0.32509187, 0.61080922, 0.95768878,-0.26564183, 0.63794627,
  0.10588998,-0.17119871, 0.12818421,-0.34712079, 0.41090085,-0.65545992,
 -0.59941763, 0.72135577,-0.9585851 , 0.03361113,-0.38638215,-0.89024277,
  0.12042734,-0.11944981, 0.64870915,-0.86727087, 0.61664055, 0.43896841,
  0.34678577, 0.27046117, 0.42969542, 0.25994331,-0.08690503,-0.40252383,
  0.11216491, 0.43191003,-0.85095107,-0.73484168, 1.1315199 ,-0.35118995,
 -0.09415826,-0.33059734,-0.22224795,-0.43937058, 1.18967738,-0.72088622,
 -1.52498135, 0.07589003,-1.24736297,-0.86813193,-0.15176613, 0.08049926,
 -1.03792895, 0.32859167, 0.35240011,-1.34077929,-0.57331231,-0.15082741,
 -1.16913263,-0.47523892,-1.22124506, 0.50140547, 1.96997469,-0.82341988,
  0.47331379,-0.37399081,-0.44150556,-0.84640508,-0.77646432, 0.49164572,
  0.69251566, 0.87028118, 0.65869981, 0.77532332, 0.76564865, 0.07058977,
 -0.34165279,-0.73560181,-0.44401004, 1.25498388,-0.77807427,-0.19234877,
 -0.85254998, 0.29134155,-0.5934046 ,-0.90921446, 1.67357194,-0.37990543,
 -0.20560791,-0.41295265, 0.23177215, 0.34988239, 0.65318892, 0.22286972,
 -0.71839314,-0.72572187, 0.45672167,-0.60639325,-0.48056474, 0.57959195,
  0.13462373,-0.22724936,-0.03315506,-0.73432641, 0.41212349, 0.56226459,
 -0.36486753, 0.77350067, 0.42570581,-1.02349305, 0.48812298, 0.35094554,
  0.81742589,-0.57250243,-1.11543415, 1.22259751,-0.90716048, 0.18053073,
  0.35135195, 1.29931236,-0.62914197,-0.23606432,-0.56135183,-0.60267304,
 -0.57374443, 0.19355198,-0.53954767,-0.715329  , 1.00595498,-0.92961429,
 -0.92019313,-0.12370249, 0.781575  ,-0.48912692,-0.04886561,-0.10026773,
  0.74714488,-0.32326301,-0.60357539,-0.86722107, 1.34841072, 0.60851163,
  1.27807961, 0.3298323 , 0.6781438 ,-0.3971925 , 0.37512332, 0.84881968,
 -0.18237673, 0.41494555,-0.40117317,-0.50749387,-0.49841167, 0.910025  ,
 -0.5459057 ,-0.71630327,-0.09518844, 0.23071439, 0.38735661,-0.48583673,
 -0.09520774, 0.17603586,-0.18421984,-0.18470299,-0.42293353, 0.32432772,
 -0.18671382, 0.24715996, 1.33476127, 0.5674621 , 1.45236368,-0.47779756,
  0.04739143, 0.05741835, 0.10125388, 0.37866583, 0.73314474, 0.44909582,
  0.37263246, 0.8471524 , 0.57592479, 0.17241386, 1.1945248 , 0.11568278,
  0.02030075,-0.55325227, 1.08399626,-0.43085525, 0.53873937,-0.48422103,
 -0.75901076, 0.9146635 , 1.41836132, 0.82053861, 0.08600356, 0.17160658,
  2.97144493,-0.3141003 ,-3.57704974, 1.90701159]
[ 3.10676835e-01, 1.56632622e-01,-8.14472103e-01,-6.42062140e-01,
 -2.99910694e-01,-2.00349383e-01, 4.55804968e-01,-1.51898453e-03,
 -2.09762942e-01,-7.64881897e-01,-3.34044558e-01,-9.94565618e-01,
 -3.89033187e-01, 1.43067235e-01,-4.76501279e-01,-1.80349336e-01,
 -2.25340683e-01,-1.43183975e-01, 4.77918900e-01,-8.69014171e-02,
 -2.72459545e-01, 5.73712793e-01, 1.56890183e-01, 8.74548805e-01,
 -1.11021749e-01, 1.14174905e+00, 1.01074738e+00,-2.45112671e-01,
 -1.34593810e+00,-1.38367783e+00, 4.88488693e-01,-4.48861127e-01,
 -1.86228002e-02, 6.65417732e-01, 3.10922264e-01,-3.39855074e-01,
  5.85000196e-01,-2.84758163e-01, 9.38974745e-01, 1.45603357e+00,
  1.21418473e+00, 5.32389250e-01,-5.94867074e-01, 1.81170537e-01,
  9.92821974e-01, 1.34024423e+00, 1.40837391e+00,-1.07746404e+00,
 -3.68817160e-01,-7.66099666e-01, 4.40015845e-01,-9.99161817e-02,
 -1.41366975e+00, 1.76128862e+00,-4.43038243e-01, 6.09211150e-01,
 -1.09443632e+00, 5.81391072e-01, 1.57329409e+00,-5.18027920e-01,
  1.24907455e+00, 4.45369581e-01,-1.03295036e+00, 9.17983507e-01,
 -8.89618781e-01,-1.71294125e-01, 1.06408761e+00,-1.92621655e+00,
  1.24369116e+00, 7.71990764e-01, 1.55063829e-01,-9.90971270e-01,
 -7.25674391e-01,-4.49578396e-01,-1.54293372e-01,-6.52117110e-02,
  4.84592622e-01,-1.55035157e-02,-4.65249474e-01,-2.91762972e-01,
  4.97729879e-01, 1.76104035e+00, 5.19031552e-01,-1.84529857e+00,
 -1.07766021e+00, 6.21790345e-01, 1.84852227e-01,-7.21148648e-01,
 -4.27386235e-01, 2.13818992e-01,-9.48818864e-01,-3.14956224e-01,
 -3.10181872e-01,-5.45284051e-01,-9.60133027e-01, 3.90382254e-01,
  5.29846361e-01, 2.05056874e-02, 5.24781211e-01, 4.81310550e-01,
 -8.44596831e-01,-2.09102570e-01,-1.24332087e+00,-2.49418084e-01,
 -6.88124284e-01, 2.80204063e-01, 2.94577315e-01, 1.57670474e+00,
  5.82148545e-01,-1.22345086e+00,-1.71823772e+00, 1.09180472e+00,
 -1.23119091e+00, 1.16103141e+00,-1.15747381e-02,-1.25060536e-01,
 -1.26359430e-02,-2.01099990e-01,-1.74716908e-02,-7.48060960e-01,
  1.75536217e-01, 1.61411064e-01, 1.21047676e-01,-4.08089300e-01,
  5.78600370e-01, 4.71293811e-01,-4.31968844e-01,-4.38191008e-01,
  4.47992715e-01, 5.62682007e-01, 2.16561215e-01, 7.49341592e-01,
 -9.82575439e-01, 5.69622424e-01,-2.17064494e-01,-8.79803342e-01,
  2.64862778e-01,-5.60913999e-01, 5.48846078e-01,-1.65068934e-01,
  6.84117167e-01,-3.30540531e-01,-2.21665379e-01, 6.16097359e-01,
 -8.64910043e-03,-4.01173882e-01, 4.12960107e-01, 1.18319255e+00,
 -7.13175992e-01,-3.92276639e-01, 7.34005779e-01, 8.26075630e-01,
  3.77355399e-01, 3.89854215e-01, 1.83143696e-01, 9.80357080e-02,
 -3.01417423e-01,-2.13921857e-02, 2.04673035e-01, 9.60489449e-01,
  1.89620730e-01,-9.19669773e-02,-2.51809794e-01, 8.87127488e-01,
  1.87278580e-01,-6.66816555e-01, 1.97196451e+00, 8.92679738e-02,
  4.14385343e-01,-1.45384762e+00,-3.11113169e-01,-3.53553676e-01,
  3.93105180e-01, 5.14511966e-01, 1.02998257e+00, 3.63230635e-01,
  1.08922293e-01,-1.53934941e-01, 1.29433371e+00,-2.93048068e-01,
  1.45180867e-01, 7.39800322e-02, 1.30847156e+00, 2.13578506e-01,
 -7.46417246e-01,-4.90687978e-01,-9.37115612e-02, 1.04789281e+00,
  9.34443581e-01,-4.61998402e-01,-9.88363891e-01, 1.61929071e+00,
  2.28081362e+00,-3.15935658e+00,-3.71557539e+00, 3.37949350e+00]
[ 1.78724344e-01, 4.17526828e-01,-9.09226414e-01,-9.13565069e-01,
 -1.96869172e-01,-5.34402661e-01, 3.19898144e-01,-1.53152778e-01,
 -1.72575416e-01,-4.99739648e-01, 3.67197402e-01,-1.14223585e-01,
  5.74413310e-01, 7.85782363e-02, 1.89558358e-01,-6.71934279e-01,
 -1.63604669e-01,-5.95405705e-01,-9.38253726e-01,-2.89761166e-01,
  8.13425725e-01,-1.35041434e-01, 6.79188669e-01, 7.24433754e-01,
 -6.65603498e-02, 3.90588717e-02, 4.24188093e-01, 1.18629152e+00,
 -2.76501031e-01, 4.79271233e-01, 1.01889887e+00, 1.43156187e-01,
 -4.59915089e-01, 9.10823371e-01,-3.92898881e-01, 3.13631670e-02,
 -6.36189785e-01, 7.15233978e-01, 9.05416640e-01, 6.50632380e-01,
 -4.82841133e-02,-1.78956516e+00,-4.72946603e-01,-6.75053444e-01,
 -3.07794981e+00,-7.80778803e-01, 1.44229107e-01, 2.63527442e-01,
  1.34789222e+00,-1.22522261e+00,-7.72415911e-01, 1.79762226e+00,
  1.66078777e-01,-4.59176353e-01,-7.49153954e-02, 3.43993395e-01,
 -7.92282513e-01, 1.37916108e+00,-1.54275709e-01,-1.70806116e-01,
  6.15714536e-01, 2.89879791e-01, 8.00691640e-01,-5.96640608e-02,
  2.68608040e-01, 8.86463590e-01,-7.19473712e-01, 6.31273851e-01,
 -7.49165980e-02,-2.67645446e-01, 8.86508305e-01, 4.28153156e-01,
  5.36373577e-01, 5.44057283e-01,-3.58271743e-02,-3.64231996e-01,
  5.72200545e-01,-1.05119639e+00,-3.80423892e-01,-4.82539706e-01,
  3.44069546e-01, 1.88407529e-01,-3.58337260e-01, 2.30431611e+00,
  1.27256035e+00,-1.83728590e-01,-2.24683539e-01, 1.47500865e+00,
 -6.84047906e-01, 4.82792289e-01,-7.26894589e-01,-8.94792117e-01,
 -1.02901253e-01,-6.11666041e-01, 5.91005464e-01,-4.14627576e-01,
  7.65534354e-01,-1.07711139e-01, 5.34976496e-01,-7.16350356e-01,
  4.70151501e-01, 7.07141405e-01,-9.25051443e-01,-8.37838929e-01,
 -1.84243195e-03,-2.96601015e-01, 9.63201896e-01, 8.47948853e-01,
  1.67114966e+00,-1.14454403e+00, 2.43110729e-02,-1.19712643e+00,
 -1.90586911e+00,-4.40307807e-02, 3.20101957e-01,-1.92035798e-01,
  5.47473638e-01, 6.24072829e-01, 3.33700132e-01,-1.70522910e-01,
  5.47177844e-01, 6.20054610e-01, 5.05395807e-01,-1.25448917e-01,
 -6.24666004e-01, 4.75236459e-01,-5.80242634e-01,-2.26554180e-01,
 -2.92184077e-01, 2.78236277e-01,-7.77908571e-01, 2.93590210e-01,
  4.27381268e-02, 4.38940803e-01,-1.78286301e-01, 8.96875911e-01,
 -9.19783616e-01, 3.76475136e-01, 6.43818202e-01,-4.01834507e-01,
 -3.52660349e-01, 3.79335737e-01,-6.38175666e-01, 1.07330922e-01,
  1.28983080e+00,-2.47244493e-01,-7.89703088e-01,-4.54950646e-01,
 -1.37824032e-01, 2.91259639e-01,-1.46378848e-01,-7.88038649e-01,
 -1.36465556e-01, 7.34317584e-01, 3.32079579e-01, 2.01247518e-01,
 -1.37502990e-01,-8.26408847e-01, 6.28642431e-01,-1.88411787e-01,
  4.73344080e-01,-3.65575547e-01, 4.47352161e-01,-4.89051201e-01,
  3.36955224e-01, 1.28678418e+00,-9.94498201e-01,-3.75339891e-01,
  5.21703083e-01,-8.12482102e-01, 1.20868437e-01,-1.07543158e+00,
 -4.93074565e-01,-4.74727304e-01,-7.40466275e-01, 4.58934938e-01,
 -3.61046816e-02, 7.18991315e-01,-2.14537734e-01, 9.65891162e-01,
  3.08014280e-01, 1.95073720e-01,-2.58926050e-01,-5.04415576e-01,
  6.45916832e-01,-9.37133835e-01,-1.01722893e+00,-9.33812338e-01,
  7.77119716e-01, 4.21016872e-01, 4.56985564e-02, 1.58750848e-01,
  4.22975328e+00,-2.59940465e+00, 1.03253712e+00,-3.22917092e+00]
[ 0.11320255,-0.55340245,-0.26016256, 0.99675913,-0.17387364, 0.07919049,
  0.59134624,-0.11838765, 0.35616518, 0.45241077, 0.50534992,-0.12041943,
  0.77389111,-0.8787182 , 0.77862765, 0.21456959,-0.34689602, 0.218009  ,
  0.72721767,-0.09634737,-0.43361548,-0.03941649,-0.20661226,-0.19748969,
  0.28637817, 1.12484012,-0.67514694, 0.24732407, 0.24726918, 0.36653467,
  0.06051294,-0.69926681,-0.76547972, 0.22645696,-0.61148233,-0.32475402,
 -0.40464295,-0.27161105, 0.48152707, 0.12478585,-0.35164187,-1.01018506,
 -1.42550733, 0.77328281, 0.66326797, 0.75212687,-1.59778832,-0.85386113,
 -2.10670328, 0.41022693, 1.99268462, 0.82603708, 0.04938993, 0.42320842,
  0.72068816,-0.62964285, 0.20865796, 2.13511003,-0.36391991,-0.368989  ,
  0.20086278,-0.41342222, 1.67837742, 0.40715663,-0.66774645, 0.65077033,
 -0.12555158, 0.06703859,-0.46848298, 0.04380557,-1.06088398,-0.41485503,
 -0.21155562,-0.23255203,-0.1800829 , 0.26851457, 0.45152994,-0.53048017,
  0.96539581,-0.70809104,-0.53213622, 2.0690856 ,-1.25668747, 0.87417596,
 -0.06268097, 1.26162287, 0.74823368, 0.85578808,-0.2191493 ,-0.44489981,
 -1.17768489, 0.14012643, 0.57570947,-0.37460187,-0.27364636, 0.77061362,
 -0.91439644, 0.62592148, 0.28194381, 0.47125744,-0.14984126,-0.28169956,
 -0.05198796, 0.53202292,-0.07866117, 0.40081963,-0.43218078,-0.66006651,
  1.58886809,-2.04825298, 0.10223266, 1.33316843, 0.77937816, 0.10250707,
  0.08687082,-0.29221105,-0.33370626, 0.59952734, 1.24270359,-0.23517627,
 -0.33736847, 0.02694477, 0.58782595,-0.02740066, 0.03342685,-0.88782431,
 -0.46340443,-0.18603291, 0.61753635, 0.59262053,-0.74319302,-0.21600302,
  0.53334448,-0.22325859,-0.12314709, 0.36324021, 0.4192203 , 0.09160496,
 -0.64616213, 0.44012477, 0.42677128, 0.2135018 ,-0.24132353,-0.59496646,
 -0.42717271,-0.71399049, 0.9016887 , 0.37437865,-0.28607849, 0.21537227,
 -0.21441158,-0.42729172,-0.42877522, 0.67189359,-0.92843582, 0.21313245,
  0.47974685,-0.40554799,-0.72272501,-1.02796921, 0.73573664, 0.18532868,
  1.13594675, 0.14164376,-0.13175854, 1.24690182,-0.13557571, 0.79883409,
  1.60283895, 0.01362503,-0.37745569, 0.14770296, 0.49001968, 0.0833725 ,
  0.5418457 ,-0.27814459,-0.33764714, 1.1077622 ,-0.45823469, 0.03245498,
  1.34204543, 0.87783064,-0.52943099,-0.57375805,-0.73936562, 0.00956911,
 -0.07680764, 0.51508105, 1.7432106 ,-0.99148942,-0.19994444, 0.05266906,
  2.74365004,-3.52780429, 3.64799649, 2.13962197]