NN backprop lr=0.0005, hidden nodes=[4]

        1 layer, [4] hidden nodes  
        clip max  = 50 
        activation = relu 
        max iters = 1000
        learning rate = 0.0005
    
train accuracy: 0.8416085350841198, 0.8710162768431131, 0.6724114348242375, 0.6737792367665162, 0.9835863766926549, 0.780741348652715, 0.7636438243742306, 0.8826425933524825, 0.6700861715223636, 0.6796607851183148
train acc mean: 0.7819176583230748
train acc std: 0.10454709300942461
test accuracy: 0.8400984009840098, 0.8905289052890529, 0.6592865928659286, 0.6863468634686347, 0.986469864698647, 0.7515375153751538, 0.7835178351783518, 0.8597785977859779, 0.7023370233702337, 0.6924969249692496
test acc mean: 0.785239852398524
test acc std: 0.10119376304164972
loss: 0.5032696638416853, 0.4798563136795804, 0.6203545221872526, 0.23968672386116038, 0.038724893258662574, 0.3250818111835593, 0.2716710834340607, 0.20686698754430327, 0.3203139703985125, 0.6132568303319386
fitted weights: 
 [-0.50372972, 0.65596747,-0.27081555, 0.74367693,-0.97675564,-0.11479016,
  0.27889338,-0.45293792,-0.55663056,-0.00964334, 0.19164429, 0.22074188,
 -0.50595038, 0.44347005,-0.83488897,-0.60284196,-0.91127126,-0.23253403,
  0.27996588,-0.52996929, 0.07717913,-0.7919487 ,-0.68409622,-0.77381063,
  0.54293313,-0.41959168,-0.0081818 , 0.24831785,-0.13871503,-0.47650719,
  0.09747344,-0.37071312,-1.05441931,-1.32218909, 0.99449259, 0.33159154,
 -2.27777143,-2.98456199,-1.06636106,-1.450234  ,-0.77892903,-0.80408309,
 -1.21422492, 0.92597901,-0.06670867, 0.32397686,-1.46361436,-0.79108285,
 -1.38173376,-1.11336515, 0.21620955, 0.45197734,-0.94701472,-1.39621256,
  1.30580954, 0.4359967 , 1.01272182, 0.72389469,-0.40679735, 0.59677028,
 -1.4641676 ,-0.86619304, 0.31140346, 0.45196822,-0.37659882,-0.26624999,
 -0.67724825,-0.78040801, 0.25463021,-0.67839868,-0.85800447,-0.66963591,
 -0.9490429 ,-1.04545856, 0.42295651,-0.59276916, 0.70112069,-0.49800221,
  0.14803079,-0.66572846,-0.43667936, 0.39351568,-0.21561132, 0.20658589,
 -2.66176671,-1.26129876, 1.34312084, 0.26114561,-0.88684747, 0.67207454,
 -0.2577752 ,-0.37897981,-0.74494499,-0.00573727, 0.28069373, 0.91400732,
 -0.8017511 ,-1.81358755,-0.30089111,-1.0563993 , 0.47871126, 0.50650265,
  0.48833267,-0.54404885,-1.71014235,-1.01167861,-0.92044458,-1.17516935,
 -0.74622838,-0.12512514, 1.0251986 ,-0.20285847, 0.48155023, 0.70074095,
 -1.05462433,-0.3908319 ,-1.60289713,-0.07233571, 0.70463182,-0.09195039,
 -1.72187413,-0.89636098, 0.69810142, 0.48784662, 0.96054641, 0.91518293,
  1.12263212, 0.60446211, 0.44979801, 0.14766916, 0.4227477 , 0.67349989,
 -0.63439147,-0.88227568,-0.89958438,-0.61969403, 0.26188864,-0.40908663,
  0.1959422 ,-0.70757543,-0.49988128,-0.4828748 ,-0.27891548,-0.48469462,
 -0.21931979,-0.48809505, 1.29007777,-0.1239061 , 0.16775737,-0.01774159,
 -0.73504931, 0.78909724, 0.14461355,-0.51731668,-0.59743879, 0.59233379,
 -1.2102223 ,-1.20487767,-0.2199887 ,-0.29518746,-0.56340918,-1.09507552,
  0.89525252, 0.42114022,-0.40439425,-0.66487577,-0.99454288,-0.48855214,
  0.03110955,-0.84705369, 1.49350395,-0.13934632,-0.16803245,-0.91338865,
 -0.51946465, 0.52005052,-0.7826519 ,-0.82588439,-0.12410369,-0.1706679 ,
 -0.28041626,-0.05538821,-0.92840082,-0.51759836,-0.89316907,-0.16806693,
 -0.0572503 , 0.5682416 ,-1.38858855,-1.9853812 ,-0.08606216,-0.05164076,
  2.2700514 ,-1.03601883, 3.3315006 ,-0.29882783]
[-5.41920799e-01, 7.08063471e-01, 6.17474564e-01,-4.00067305e-01,
 -1.78195953e+00, 3.25249342e-01, 2.71820900e-01, 6.48800086e-01,
  5.24793708e-01, 3.61995220e-01, 6.12747047e-01, 1.46472567e-01,
  7.67734975e-02, 4.03833535e-02,-5.97827795e-01,-7.17098380e-01,
 -1.56682694e+00, 2.38396751e-01, 2.74004665e-01, 3.86269942e-01,
  3.43584069e-01,-8.79129691e-01,-6.38678775e-01,-5.80040960e-01,
 -1.22072810e+00, 5.73348032e-01,-9.05822730e-01,-1.71993084e-01,
 -4.72873305e-01,-2.06460945e-01, 2.46730628e-01,-6.94885626e-01,
 -1.07961312e+00,-1.79272221e+00, 2.05829050e-01, 5.51981230e-01,
 -2.12914083e+00,-2.08648662e+00,-4.72586751e-01,-1.49124514e+00,
 -1.26092040e+00,-2.77380803e-02,-7.03618984e-02, 4.85867476e-01,
 -7.54802375e-02,-5.51199562e-02,-2.59562121e+00,-7.19735451e-01,
 -2.76681051e+00,-4.02679203e-01, 2.28868342e+00, 5.07338715e-01,
 -1.69506562e+00,-2.51209472e-01,-4.70212886e-02,-3.20019256e-01,
  9.36056053e-01, 4.63603900e-02,-5.31089361e-01, 1.55942619e-01,
 -1.81183344e-01, 4.83107938e-01, 1.44276022e+00, 3.82494298e-02,
  3.27322937e-01, 7.39547702e-01,-1.15052263e+00,-6.66801382e-01,
 -1.73356401e-01, 1.54036515e-01,-4.28048256e-01,-3.00178836e-01,
 -2.87585487e+00,-8.03176876e-01,-1.73335556e-01,-1.06858765e+00,
 -3.32920539e-01, 4.83943759e-01,-7.43596379e-01,-5.19733752e-01,
 -7.58029152e-01,-4.04975034e-01,-9.29783646e-02, 1.41776397e-01,
 -2.00632290e+00,-1.46828042e+00, 1.80309252e-02, 2.40811949e-01,
  4.27637774e-01, 6.80365984e-01,-5.92464443e-01,-1.42914570e-01,
  4.65175203e-01,-7.61886395e-01,-5.41792567e-01, 8.65642431e-02,
 -2.30682114e+00,-5.51753814e-01, 1.74192163e-01, 5.03775825e-03,
 -6.80974549e-01,-5.67052942e-01, 4.95194489e-01,-1.86373646e-01,
 -3.11906306e+00,-1.67604303e+00, 1.72020821e-01,-1.55034908e+00,
 -1.08138017e+00,-1.25138067e+00,-7.80141576e-01, 5.92564792e-01,
  9.47742380e-01, 2.35089894e-02,-1.01961468e+00,-1.11950663e+00,
 -1.34235590e+00,-1.54932051e+00, 9.63063799e-01,-6.59244450e-01,
 -6.65314732e-01,-4.46104173e-01, 7.98981082e-01, 8.59967437e-01,
  7.06663508e-01, 6.66748301e-01,-7.82865821e-01, 7.01411079e-04,
 -2.68432380e-01, 6.45756494e-01,-2.60180728e-01,-7.15800199e-01,
  7.68286737e-01, 8.20376191e-01, 2.29652224e-01,-2.35715263e-01,
 -4.74221073e-01,-3.70384045e-02,-1.43688057e+00,-9.52772120e-01,
  2.78382885e-02, 4.69578461e-01, 3.45519723e-01,-2.21008405e-02,
 -1.13124408e+00,-2.57439520e-01,-3.82733467e-01,-2.13387868e-01,
 -4.75448907e-01,-9.89082280e-01,-7.16177951e-01,-3.31658941e-01,
 -3.92794848e-02, 1.78300894e-01,-7.02952682e-01,-8.18668468e-01,
 -1.36685108e+00, 5.35956380e-01,-4.94715368e-01,-1.31358416e+00,
 -6.70452814e-01,-8.35014012e-01, 5.00789960e-01,-1.41283829e-01,
 -4.35730806e-01,-2.37809153e-01,-1.25993654e-01, 4.05188943e-01,
  2.16987213e-02, 3.69501040e-01,-2.30067817e-01, 5.61316921e-01,
 -3.41736946e-01, 9.41507289e-01,-1.21543892e-01,-4.08895588e-01,
  1.25661923e-01,-3.38756200e-01,-1.27629114e-01,-2.04333542e-01,
 -3.92820857e-01,-4.08720490e-01,-9.41541168e-01, 6.99876248e-01,
 -3.54994774e-01, 5.68163661e-01,-5.20877157e-01, 3.43212269e-01,
 -2.23305738e+00,-2.39123050e+00,-8.05260563e-02,-1.22310158e+00,
 -1.23505103e+00, 2.01466318e+00, 3.00046599e+00, 9.81176626e-02]
[-7.32573548e-01,-5.52698442e-01,-4.14614896e-01,-6.81014762e-01,
  3.50041435e-01,-2.13980297e+00,-6.77231546e-02,-9.82417523e-01,
  3.40552262e-01,-2.91329091e-01, 9.66328450e-02, 5.34500635e-03,
 -1.78185460e-01,-7.58074267e-01,-7.23885164e-01, 4.08100570e-01,
 -2.10572391e-01,-3.83602184e+00, 4.48251804e-01, 3.79786369e-03,
 -5.88095508e-01,-3.78338205e-01, 7.59127910e-01, 2.89736190e-01,
  1.50077902e-01,-3.23113266e+00,-3.80804998e-01, 8.00946177e-01,
  1.63139724e-01,-3.12396625e+00,-1.34493939e+00,-5.11577572e-01,
  5.86511672e-01,-2.95726453e+00,-5.56004840e-01,-5.31603574e-02,
 -3.03572625e-01,-6.42236917e+00,-9.53247405e-01,-1.82753870e-02,
  1.34781606e+00, 2.54797340e-01,-9.49398470e-01, 7.53177189e-01,
 -8.34135469e-01,-4.06887511e+00,-5.43984950e-01, 4.53152541e-01,
 -2.14069852e+00,-2.99514387e+00,-1.10536995e+00,-7.56368817e-01,
  2.00217807e-01,-2.83673127e+00,-2.08847840e-01, 6.55369776e-01,
  2.29070253e-01,-2.09050291e-02, 7.32295163e-01,-6.07059049e-01,
 -6.40805583e-01, 1.29054598e-01,-8.52997290e-01,-7.94011754e-02,
  4.47339416e-01,-1.24769599e+00,-1.98133787e-01,-8.56909618e-02,
 -2.56394020e-01,-4.17707112e+00, 2.59711090e-01,-1.35530738e-01,
  4.69409127e-01,-3.35506113e+00, 9.68768549e-01,-7.82529283e-01,
 -3.07145782e-01, 1.90650089e-01, 8.56040449e-01, 4.83136341e-01,
  2.81682122e-01,-2.82794099e+00, 3.85470227e-01,-7.16835771e-02,
  5.19226521e-01,-2.78236894e+00, 9.41171966e-01,-6.19595346e-01,
 -5.39161119e-01, 2.22775977e-01,-4.74494020e-01, 1.08649668e+00,
 -2.02314480e-01, 1.23068378e-01, 3.43812955e-01,-3.52825274e-01,
 -1.18134523e+00,-6.66792101e+00,-1.22333414e+00,-2.48531398e-01,
 -1.42292827e-01, 3.26460903e-01, 5.40361973e-01, 4.53631970e-01,
 -2.45762468e-01,-6.59749553e+00,-2.70199727e-01,-1.23179604e+00,
  1.58769834e+00, 7.29115646e-01, 5.75297977e-01,-5.19992077e-02,
 -7.03721714e-01,-2.80165340e+00,-1.77858066e-02, 4.36873007e-01,
 -5.63630290e-01,-1.10929694e+00,-8.33861493e-03,-1.96634386e-01,
 -5.89190008e-01,-6.54168522e-01, 9.60817421e-02, 2.18266025e-01,
  1.03077756e+00, 8.15630035e-01,-8.20010648e-02,-5.57544434e-02,
 -1.11241302e-01,-3.34033186e-01,-3.30116214e-01, 2.06581805e-01,
 -6.37142707e-01, 1.93374271e-01, 8.99932338e-01, 8.93631577e-02,
  1.18294711e+00,-2.58265823e+00, 5.39593146e-01, 7.60408485e-02,
 -3.17565877e-01, 9.41554846e-01,-6.60882012e-01,-7.51293331e-02,
 -2.21021522e-03, 9.08195661e-01, 8.61535148e-01,-9.39671377e-02,
  1.36383755e-02,-3.41534728e-01,-5.42089457e-01, 5.73783300e-03,
  2.18872901e-02,-1.69140479e+00,-7.94347254e-01,-4.45994051e-01,
  5.77616669e-01,-4.70490454e+00,-6.71687101e-01,-4.21619854e-01,
  2.91902744e-01,-1.24855810e+00, 5.29176979e-01, 1.58023633e-01,
  2.20034918e-01,-1.65902651e+00,-1.13869400e+00, 4.96151422e-03,
  1.36932850e+00,-1.83764700e+00, 1.02394406e+00, 4.43195291e-01,
 -3.37385635e-02,-3.22336148e-01,-5.06225633e-01, 8.26973625e-01,
  4.38026613e-01,-1.76831400e+00,-7.53410367e-01,-2.39297601e-02,
 -8.79525999e-01, 4.60431074e-01,-5.81002598e-01, 3.87045216e-01,
  1.08112845e+00,-7.36959598e-01,-1.76085648e-01,-6.32912883e-01,
  5.38806277e-02,-7.72083132e+00,-5.47385348e-01, 4.28412240e-01,
  2.84626151e+00, 2.76529844e-01, 9.02012431e-01, 1.12234912e+00]
[ 4.30510527e-01,-2.69899895e-02,-8.79427548e-01, 1.48670344e-03,
 -9.32259476e-01,-3.09436053e-01,-4.66771384e-01,-2.08880511e-01,
 -1.52326958e-01,-1.11307585e-01,-7.05747735e-01, 5.27842988e-02,
 -8.40955147e-01, 3.85039152e-02,-9.75815866e-01, 9.50130102e-01,
 -2.58389348e-01,-1.91833662e-01,-1.07315602e+00,-3.39498645e-01,
  9.47556750e-01,-9.13167590e-01,-2.47328461e-01,-5.47597760e-01,
  5.49752327e-01, 2.12827735e+00, 3.10653755e-01, 9.02527241e-01,
  1.63217862e-01,-1.36599539e-01,-9.19132598e-01, 3.11663356e-02,
  1.59523013e-01, 2.61452145e+00,-9.93848966e-01, 7.98642026e-01,
 -4.88866604e-01,-4.93068825e-01,-1.17323399e+00,-1.88066380e-01,
  6.31117794e-01,-1.48713429e+00, 7.84565066e-01, 1.04182554e+00,
  1.44706421e+00, 1.70036545e+00,-7.21526727e-01,-9.60622515e-01,
 -1.54444640e+00,-3.48926075e-02,-1.54073745e-01,-2.12302608e+00,
 -7.63016129e-01,-4.44119782e-01, 2.89942936e-01, 2.36435073e-01,
 -5.81782432e-01, 3.19779709e+00,-5.68471173e-01,-1.38056471e+00,
  2.55289733e-01,-1.18279462e+00,-5.92756286e-01,-9.57246395e-01,
  2.19698124e-01, 2.47149134e+00, 7.89554597e-01,-4.69622493e-01,
  1.10018651e+00, 5.71472845e-01, 3.27113852e-01,-3.79946776e-01,
 -1.69352877e+00,-5.11430393e-01, 8.13532170e-02, 2.33999737e-01,
 -9.39677571e-02, 8.57517704e-02,-2.27617929e-01,-1.77698933e-01,
 -1.27234839e-01, 4.19566516e+00,-7.56062526e-01, 8.96617326e-01,
 -1.70747697e+00, 8.88666030e-01,-7.72498150e-01, 7.93677305e-01,
  1.24241688e+00,-1.64233391e+00,-4.64179446e-01,-5.75695842e-01,
  7.69601954e-01, 7.56660142e-02,-3.67856029e-01, 8.77103202e-01,
 -6.48175759e-02, 1.00709665e+00,-1.23030898e+00,-1.86117044e-01,
  1.16625270e+00,-1.08265900e+00, 3.67093819e-01,-5.84804135e-01,
  2.64131397e-01, 3.36314373e-01,-3.24553539e-01,-1.47864611e+00,
  5.61826658e-01,-3.80996447e-01,-2.34555706e-01, 2.61790272e+00,
 -7.07980347e-01, 3.69002682e-01,-1.36711794e+00,-4.37512691e-01,
 -2.63839412e-01,-1.17893635e+00, 9.49352793e-01,-6.50854061e-01,
 -9.03896427e-01,-1.14384007e+00, 1.86976311e-01,-6.14078808e-01,
  4.25397978e-01, 3.10301185e-01,-7.70191915e-02, 1.31473887e+00,
  1.67983502e-01, 8.95982267e-01, 6.05044266e-01, 6.88665734e-01,
  2.02091340e-01, 1.72526630e+00,-6.63303889e-01,-2.06843600e-01,
  6.70241537e-02, 1.33274743e+00,-2.38491291e-01, 1.50362009e+00,
 -6.97040145e-01, 2.28874177e-01, 8.97928295e-01, 3.17597780e-01,
  4.48967990e-01, 3.08859294e-01,-9.33649474e-01, 7.52552871e-01,
 -7.80996241e-01, 2.64103179e-01, 2.66683580e-01, 3.44989131e-01,
 -1.61105213e-01, 2.17311927e-01, 7.36422355e-01,-1.95827338e-01,
  1.83342986e-01,-3.51863246e-01,-1.31744112e+00, 1.24184938e-01,
 -4.94494574e-01,-4.30843419e-01, 1.40204134e-02, 2.14161237e-01,
  2.87821076e-01, 1.58401704e+00,-3.74336972e-01, 1.14158814e+00,
  5.42717937e-01, 3.68331000e-01,-5.03352440e-01, 1.41005325e+00,
  6.88230281e-01, 2.22978518e-01,-6.40884101e-01, 6.51609418e-01,
  8.04105781e-01, 2.06145708e+00,-5.63154991e-01,-6.38369595e-01,
 -9.14398811e-01, 1.38640790e+00,-5.38227524e-01, 1.28671723e-01,
 -8.13786823e-01,-9.89726875e-01, 2.40697126e-01, 2.63956679e-02,
 -4.89721724e-01,-1.75703191e+00,-6.38144617e-01, 4.23673334e-01,
  2.16437531e+00,-3.57344294e+00,-4.87167930e-01, 3.96954222e+00]
[-4.79235060e-01,-8.62972269e-01, 2.90894075e-01, 2.05022269e-01,
  3.76350030e-01, 3.67151815e-01, 4.69659891e-01, 3.40180190e-01,
  5.77075692e-01,-5.72324997e-02, 2.56575023e-01,-1.52906263e-01,
 -7.01481650e-03, 1.67812511e-01,-6.35044215e-01,-4.76491451e-01,
  5.08381835e-01, 2.96945404e-01,-9.74645169e-03, 5.06284698e-02,
  5.52136030e-01, 1.09519172e-01,-2.63522097e-01,-5.32797509e-01,
  1.01646142e+00,-1.50239428e+00, 7.00689552e-01, 1.11183237e-01,
 -4.22664382e-01,-1.64172612e-01,-5.54756034e-01, 7.25020253e-01,
  1.25186502e+00, 5.08762291e-01,-5.97881788e-01,-7.01773924e-01,
 -1.03973533e-02, 1.82274263e-01,-6.49515169e-01,-8.72746384e-01,
 -9.58965258e-01, 1.01614564e+00, 1.34339755e+00, 4.43733858e-01,
  1.21212921e+00,-2.82113722e+00,-1.02077618e+00,-1.47495168e-01,
  1.54745628e+00, 1.94839626e+00,-3.79811847e-01,-4.77758452e-01,
  2.35834152e-01, 1.40177373e+00,-9.91772689e-01, 7.77235468e-01,
  6.71594779e-01,-8.44186943e-01,-3.11205726e-01, 9.55367889e-01,
 -5.45687413e-01, 8.77523867e-01, 1.10742012e+00, 6.14583682e-01,
 -8.18023061e-01,-5.46610627e-01,-4.71955111e-01, 1.95321697e-01,
  2.74360401e-01, 3.33057353e-01,-2.79222639e-01, 1.09828474e+00,
 -6.18562882e-01, 2.63670118e-03,-2.52317677e-01,-8.74726535e-01,
 -6.56994074e-01,-3.92369663e-01, 7.63127551e-01,-6.94561180e-01,
  2.35337966e-01,-3.42635571e-01,-1.54522483e-01, 1.41454531e+00,
  2.65821511e-01, 1.06028717e+00, 3.23714283e-01,-4.79417841e-01,
 -4.68507652e-01, 1.24528636e-01,-3.06548213e-01, 5.20220440e-01,
 -4.78170070e-01,-5.91811377e-01,-4.69178609e-02, 6.30717477e-01,
  5.59202790e-01,-1.59920236e-01,-6.66430859e-01, 3.14033984e-01,
 -9.90868535e-01,-8.07685721e-01, 2.75103459e-01,-3.03253758e-01,
 -2.10961566e-01,-1.60778905e+00, 6.95783522e-01,-2.16258509e-01,
 -3.06910712e-01, 2.06148127e+00, 6.04502371e-01, 2.15350916e-01,
 -2.17517788e-02,-1.08044959e+00,-1.59842467e-01, 1.13192574e+00,
 -2.79958847e-02, 9.53972481e-01,-2.32343889e-01,-1.07720505e-01,
  2.66670626e-02, 8.48908016e-01,-4.76955399e-01,-6.18331998e-01,
  1.38119943e-02, 7.37971826e-01,-4.05772025e-02,-4.89833361e-02,
  8.50013758e-01, 6.07353426e-01, 9.04180496e-01, 7.89167469e-01,
  5.56609260e-01,-2.69317017e-01,-3.74129829e-01,-4.69350542e-01,
  5.45093310e-02, 1.08312048e-01, 1.19528360e+00,-5.82317170e-01,
  8.99145265e-01,-7.48147260e-01,-2.01537154e-01, 7.49547724e-01,
 -9.83974039e-01,-7.06444027e-01, 3.71893611e-01, 2.78293719e-01,
 -1.20874962e-01, 8.48696356e-02,-8.70255475e-01,-7.99105215e-01,
  5.09731035e-01,-7.54703144e-01,-1.05442205e-01,-9.22874984e-01,
 -7.82111857e-01,-2.58021647e-01,-2.44945880e-02,-6.98087128e-01,
 -1.39272574e+00, 2.64045794e-01, 4.40439494e-01, 4.22710110e-01,
  7.41549831e-01, 9.17405188e-02, 6.79021858e-01,-1.21118167e-01,
 -4.61727484e-01,-3.48111081e-01,-1.15994736e-01, 3.16644016e-01,
 -3.27579330e-01,-2.45629883e-01,-8.44848483e-01,-7.25132475e-01,
  1.11461435e+00,-5.07491818e-01, 6.73082537e-01,-5.45702653e-01,
  3.03787718e-02, 6.23490062e-02, 5.91406554e-01, 7.66627124e-01,
  3.78262587e-01, 1.14405060e-01, 2.64572513e-01, 6.28358019e-01,
  1.42631281e-01, 6.77503094e-02, 1.48948953e+00,-8.29025233e-01,
 -1.72257236e+00, 2.12442669e+00, 1.73281408e+00,-1.55531427e+00]
[-0.34563814, 0.39197668, 0.74983297, 0.20833296, 0.30480691,-0.5214763 ,
 -0.27981383, 0.11509172, 0.28886502,-0.14918856,-0.81669003, 0.63808622,
 -0.02695668,-0.05123483,-0.04023818, 0.88486876,-0.25005182, 0.13879024,
 -0.00266481,-0.03838931,-0.07215078,-0.99230618, 0.77235892, 0.08544276,
 -0.08450978, 0.42481402,-0.24039607, 0.93148345,-0.59412174,-0.27468792,
 -0.31689609, 0.33557251,-0.78893927, 1.2972518 , 0.26237548,-0.01462633,
 -0.41249046,-0.77304235, 0.31745964,-0.30667192,-0.418482  , 0.13803904,
  0.06604197,-1.51395619, 0.50649041, 0.94660394,-0.90446955, 1.17473833,
 -0.68286234,-1.40717199, 0.19207956, 0.09161264,-0.05637965, 0.11029694,
 -0.77288201, 0.35031767,-0.7274934 ,-0.29817307,-1.0458653 ,-0.13989213,
  1.07898487, 0.38022627, 0.64818766,-0.83974681,-0.52640634, 0.87443542,
 -0.68977245, 0.69385104,-0.76484726,-0.29902326,-0.71591485, 1.14422625,
 -0.58709698, 0.52255178,-0.30371333,-0.51761064,-0.82154853,-0.34978972,
 -0.08291397, 0.54023711,-0.99316726, 0.29691381,-0.54822214, 1.45237387,
 -0.67727773,-0.17958004, 0.1321828 ,-0.49931064, 0.38763381, 0.44958966,
  0.45752977, 0.36909063, 0.60678159,-0.45578035,-0.42028395,-0.08235018,
  0.55937159, 0.45913545,-0.58248535, 0.07806675, 0.24100041,-0.86548481,
 -0.79584638, 0.05654596, 0.35354001,-0.04051097,-1.43371084, 0.44135039,
  0.30555199,-0.35866766,-0.43141331,-1.66319394, 0.9613225 , 0.32024113,
  0.48750788, 1.04344294, 1.06457972, 0.3524231 , 0.63908777,-0.35303927,
  1.0469922 , 0.09722214, 0.2504962 ,-0.51600466,-0.37039584, 0.24171475,
 -0.2137472 ,-0.62321606,-0.57556507,-0.92183613, 0.96989215,-0.02696455,
 -0.31243511,-0.49862674, 0.54807207,-0.98010357, 0.74004295,-0.63626636,
  0.04605475, 0.81142904,-0.76303431,-0.62463639,-0.08744661,-1.00289821,
 -0.01861185, 0.46750936, 0.86132641,-0.89403648,-0.89243744,-0.56972082,
  0.09877493,-0.6343359 ,-0.81172603, 0.82861364, 0.04581959,-0.77872092,
  0.47029977, 0.31769394,-0.57623167, 0.5271097 , 0.94803711,-0.86234093,
  0.53018745, 0.05961221,-0.15903891, 0.07917422,-0.16559947, 0.52345694,
 -0.779106  ,-0.97097408,-0.21194321,-0.08385533, 0.23012121,-0.3911765 ,
  0.00976625,-0.52663259, 0.33531805, 0.21222596,-0.06668246, 0.0683547 ,
  0.38282945, 0.84705518, 0.46319024, 0.64526564,-0.84686291,-0.79304473,
 -0.20190101,-0.73070314, 0.70932037,-0.24592295,-0.70536089,-0.23245494,
  1.05037585,-1.2090883 ,-0.07912536,-1.19626851]
[ 4.62009488e-01, 9.61007023e-01, 1.52655806e-01, 2.26804098e-01,
 -1.60796380e-01,-1.29650417e+00, 3.41310010e-01,-2.06648294e+00,
 -1.10781280e-02,-2.57447037e-01, 5.65573079e-01, 9.13875560e-03,
  3.91530041e-01,-7.87977792e-01,-4.95025944e-01,-8.62871237e-01,
 -1.36151079e-01,-7.12230854e-01, 2.90528844e-01,-2.24546130e+00,
 -2.62611393e-01, 1.16320488e-01, 8.07994734e-01, 6.78899681e-01,
  1.08190185e+00, 3.12339390e-01, 2.41084741e-01,-4.00825428e-01,
  2.31084118e-02, 3.91963755e-02,-1.89441637e-01,-1.41736622e+00,
 -1.38784178e+00, 3.84544226e-01,-2.46017116e-01,-3.03940644e+00,
 -4.09123743e-01,-5.80585173e-01, 3.28114553e-01,-4.82693798e+00,
 -9.05718192e-01, 4.42453901e-01, 2.57665713e+00,-2.51208216e+00,
 -1.61576938e-01,-8.52681054e-01,-2.19628931e+00, 7.27731658e-01,
  2.40420115e+00, 4.50854339e-01,-8.50464159e-01,-3.78569188e-01,
  1.07653452e-01,-7.07461820e-02,-3.98797991e-01,-2.65154620e+00,
 -5.87763888e-01, 2.11349180e-01,-1.98530944e+00, 1.07637635e+00,
 -1.17225774e+00,-8.07231902e-01, 9.23068638e-01,-1.42683111e+00,
  4.37219938e-01,-5.30208943e-01,-7.79472615e-01,-2.71585421e-01,
  8.19347775e-01, 3.11099739e-01,-7.78636822e-02, 1.27195673e+00,
 -1.15131205e+00, 3.22323112e-01,-5.90467892e-02,-4.40162342e+00,
  3.54171198e-01, 7.85793191e-01, 5.07441921e-01,-9.65078334e-01,
  2.29249418e+00,-5.81448297e-01, 3.94373371e-01, 2.09691503e-01,
  3.19985945e-01,-8.35802265e-01, 9.08586186e-01,-4.08498631e+00,
 -1.52670552e+00, 4.17700120e-01, 2.70495701e-01,-1.26411999e+00,
 -8.48798203e-01,-6.15505585e-01,-1.42717740e-01,-1.33695005e-01,
  1.94467925e-01,-1.00514992e+00,-6.71064137e-01,-3.20013962e+00,
 -7.26374058e-01, 5.79907242e-01, 4.90410244e-01,-7.85758977e-01,
 -2.82030674e-01,-5.89330946e-01,-3.39539658e-01,-4.09487304e+00,
 -1.78506085e+00, 9.30854332e-01, 1.93021112e+00,-1.71069594e+00,
  1.71065196e+00,-8.02910464e-01, 1.23720599e-01, 9.48967916e-01,
 -1.10495605e+00,-1.00166060e-01,-3.17927710e-01,-3.29095203e+00,
 -1.21715235e+00,-9.28610265e-01,-3.14203258e-01,-3.34797088e+00,
  3.81474038e-01, 9.43141945e-02, 6.78601887e-01, 4.87445450e-01,
 -2.69431102e-01, 8.46911278e-01, 1.17722339e+00,-8.82127922e-01,
 -6.02262070e-01, 8.38808021e-01, 6.96003032e-01, 1.19671665e+00,
  1.12253446e+00,-4.98672729e-01, 7.93629723e-01, 5.70625822e-01,
 -6.32253695e-01, 3.20656008e-01,-1.29296033e-01,-5.72016858e-01,
 -5.64794873e-01,-9.35164366e-01, 8.34334079e-01, 5.16744703e-01,
 -4.25828856e-01,-6.59822589e-01,-3.84919927e-01,-9.44766648e-02,
 -2.96900813e-01,-9.47107784e-01,-4.26026723e-01,-5.66173445e-01,
 -8.41516503e-04,-1.42748417e+00,-5.87325865e-01,-1.49017777e+00,
 -9.85251758e-02, 3.12010958e-01,-5.76031344e-01,-1.62518505e+00,
  4.90434838e-01,-2.66161101e-01, 1.37938680e+00,-1.55796982e+00,
  2.69513676e-01,-5.52688563e-01, 2.39334813e+00, 4.07422765e-01,
  3.57193533e-01, 2.87187041e-01, 3.06815468e-01, 9.48485468e-01,
  3.53079441e-01, 8.86299260e-02, 1.34311064e-01, 5.64783073e-01,
  4.66565314e-01,-5.54544181e-01, 3.04274000e-02, 9.56575780e-01,
  3.78805108e-01, 7.11417772e-01,-3.18435022e-01,-3.48113888e-01,
  2.12150896e-01,-1.77020156e+00, 4.91984048e-02,-4.71485488e+00,
 -3.25762519e+00,-2.14394517e-01, 2.87180354e+00, 3.42666262e-01]
[-0.21696785,-0.20898377,-0.96726732, 0.53490303, 0.34772717,-1.64097563,
  0.87788088, 0.26294108, 0.77701617, 0.97648892, 0.82440616, 0.28626588,
 -0.92977889,-0.89520325,-0.65790101,-0.2235728 , 0.41136023,-0.17904416,
  0.31590453, 0.18731775, 0.57968369,-0.93250006,-0.5890446 , 0.33386556,
 -1.00413916,-1.03016306,-0.33276629, 0.8393831 ,-1.08367054,-0.33788556,
 -0.58273914, 0.07832987,-0.32503877,-1.2534116 ,-1.61028504,-0.28216104,
 -1.14594661,-0.97858434,-0.83674016,-0.58633916, 1.02038824,-0.41543072,
  0.60878764,-1.68732799,-1.36966114, 0.0941367 ,-0.77559629,-0.62375293,
 -0.54911072,-1.02306344, 0.09532338, 2.49966334,-0.20897699,-0.93244037,
 -0.29208034,-0.74721224,-0.90861028, 0.1248879 ,-0.24809928, 0.11561107,
  0.07519573,-0.40087957, 0.66333986,-0.40612338,-0.0337298 , 0.83487506,
 -0.69703925, 1.32695287,-0.85419613, 1.30550131,-0.83986059, 0.96197969,
 -0.27345217,-0.66909509, 0.39970128,-0.1945476 , 0.78212101,-0.00366074,
  0.02203687, 0.26936648,-1.08496685, 0.09366288,-0.5549086 , 1.76263729,
 -0.20482843,-1.78851585, 0.40542073,-0.39431159,-0.29139913, 0.82157724,
 -0.56919034,-0.68916748, 0.58864369, 0.61438503, 1.27045969,-0.05025188,
 -1.23748811,-1.06277381, 0.2960976 , 0.75846127, 0.1161318 ,-0.43106389,
 -0.58719205, 0.42979847,-1.54964732,-1.00382303, 0.16101736,-0.2409171 ,
 -0.47347776,-0.97066192, 1.19980621,-2.20310442,-0.52576229, 0.11442009,
 -0.26549067, 2.02627425,-0.49827321,-1.24204413,-0.58058792,-0.1347425 ,
 -0.08799531,-0.48103298,-0.54513505,-0.12820933, 0.87814136,-0.35276243,
 -0.75199467, 0.40923205, 0.89229402, 0.77225337, 0.94640468, 0.15051391,
  0.44402169, 0.61927649,-0.19349658,-0.48279403,-0.59890563,-0.49234973,
  1.00877041, 1.62760707,-0.02739675, 0.57269055,-0.69654858, 0.4008758 ,
 -0.60585122,-0.27639503, 1.09388475,-0.02313689, 0.41703153,-0.22473402,
  0.104788  ,-0.87091038,-0.25559914,-0.01410842,-0.73001535, 0.06485159,
 -0.49009264,-0.88594375,-0.64923766,-0.54704684, 0.78646789,-0.46626472,
  1.74002477,-0.43207201,-0.01362837,-1.11821459, 0.79376261,-0.28275478,
 -0.05280966,-0.58096894, 0.20669438, 0.90134844, 0.47476187, 0.92486802,
  0.15618019, 0.19528022, 0.12203515, 0.9647591 ,-0.77476618, 2.50984449,
 -0.83212818,-0.21805211, 0.6718916 , 1.1125981 , 0.48808615, 0.26172962,
  0.6961327 ,-0.02776327,-1.77649623,-1.7703452 , 0.75323906,-1.00699616,
 -0.74509943, 1.59661748, 2.21728007,-3.05997666]
[-8.90805509e-01,-9.77793165e-01,-2.61768569e-01,-3.33907202e-01,
 -8.89279652e-05,-9.89189649e-01,-5.24325845e-01,-3.03433334e-01,
  1.09480653e-01, 2.32059452e-01, 7.46224329e-01,-4.95681572e-01,
 -1.84188579e-01, 9.78295306e-01,-5.20974782e-02, 3.04291874e-01,
  5.62512701e-02, 6.05507019e-01, 4.78952149e-01,-3.70059646e-01,
  8.04123979e-01, 3.23640353e-02,-3.37869012e-01, 9.28307330e-01,
  1.53844442e+00,-8.64012761e-01, 6.26163522e-02,-4.16295524e-01,
  1.15768111e-01,-6.23258252e-01,-4.94097296e-01,-5.29235165e-01,
  8.14703460e-01,-2.89390383e-01, 1.32344984e-01,-7.08021065e-01,
  1.80566228e-02, 3.45488415e-01,-1.20660511e-01, 3.24778724e-01,
 -2.21566998e+00,-4.47018520e-01,-4.53026419e-01,-6.60011457e-01,
  1.79131947e+00,-7.17200357e-01,-5.21013632e-04,-8.15543666e-01,
 -6.13639006e-02, 8.14655379e-01, 5.53343114e-01,-6.05939581e-02,
 -4.58213671e-02, 5.26622587e-01, 5.67153779e-01,-7.48953774e-01,
  1.17698988e+00, 2.32516871e-02,-1.03462179e+00, 1.72884020e-01,
 -9.62173073e-01, 6.07633413e-01, 5.32031976e-01, 3.79266113e-01,
  7.05155599e-01, 3.40102436e-01,-1.45407813e-01, 2.79686276e-01,
  4.17181383e-01,-1.75142908e-01, 2.53197790e-01, 1.60816101e-02,
 -5.97388239e-01,-8.78575905e-01, 3.25870618e-01, 2.75047421e-01,
  5.82343290e-01, 8.84940628e-01, 2.17533529e-01,-2.07165851e-01,
  1.99382712e+00, 1.18676829e+00,-5.82846927e-01,-5.96044720e-01,
  5.99850982e-01,-5.33856907e-01,-8.74594854e-01, 8.23838098e-02,
  1.33869452e-01, 1.92228550e-01, 5.31531291e-01,-5.79119965e-02,
 -8.72708707e-02,-7.96035045e-01, 3.91230357e-01, 2.36026235e-01,
  1.25141138e+00,-3.89216163e-01,-1.14500848e+00,-9.27031722e-01,
 -8.46657675e-01, 9.27571253e-02,-7.93976201e-01, 3.62502178e-01,
  2.31780644e-01,-2.24652325e-01,-1.27581335e+00,-5.89833169e-01,
 -2.40911411e+00, 1.22215373e+00,-6.55290881e-01, 4.03794050e-01,
  8.06680784e-01,-6.86659477e-01,-1.23717675e+00,-3.39303661e-01,
  1.55830395e-03, 3.31704300e-01, 4.25523291e-01,-2.42540984e-01,
 -7.07620073e-03,-6.02005746e-02,-9.30202577e-01,-5.27956491e-01,
 -4.69452238e-01,-7.42358963e-01,-5.74282810e-04, 6.32140121e-01,
 -3.28878644e-01, 4.05121242e-01, 9.65835910e-03,-8.19372637e-01,
  1.49839193e-01,-8.65236564e-01,-9.78759489e-01, 9.02224157e-01,
 -1.18659661e-01, 2.56538380e-01,-3.38159574e-01, 5.88841504e-02,
 -1.13006433e-01,-6.81148715e-01,-5.77076160e-01, 6.64194388e-01,
 -5.95039412e-01,-2.43092650e-01, 3.28973847e-01, 4.37480991e-01,
  7.23247757e-02, 9.32598865e-01,-4.65706250e-01,-8.26758580e-01,
  6.92317143e-01, 9.77795499e-02, 6.44447404e-01, 8.27955090e-01,
 -7.44894110e-01,-2.55112039e-01,-6.96508899e-01,-5.84887407e-01,
 -9.40762070e-01,-5.98867392e-01, 2.80674698e-01,-8.11111603e-01,
  5.41204056e-01,-4.09060169e-01, 5.64080697e-01, 3.51826821e-01,
  4.00641063e-01, 5.89648811e-01,-1.00110815e+00, 1.17153700e-01,
  4.80321320e-01,-7.75242001e-01, 5.81946064e-01, 1.77195132e-01,
  1.36027051e+00,-8.17889581e-01,-3.06765268e-01,-6.04212593e-01,
 -5.85116040e-02,-4.17310937e-02, 2.25460576e-01,-4.05993229e-01,
 -5.18189123e-01,-9.08909025e-01, 9.98832961e-01, 8.36335106e-01,
 -1.50817486e+00, 4.79794663e-01,-6.00651323e-01,-8.07589417e-01,
 -1.81153861e+00, 9.18344757e-01,-5.68237091e-01,-5.73094801e-01]
[-0.94338327,-0.85137302, 0.0417241 , 0.71029086,-0.57749859,-0.37465403,
  0.04583139,-0.96923494,-0.66517823,-0.37038592,-0.2100932 , 0.84777889,
 -0.55073198, 0.15417317, 0.14219951,-0.91663079,-0.59374416,-0.37177036,
 -0.12250341,-0.15993904,-0.2174898 , 0.12075369,-0.48928653,-0.40378882,
 -0.65992898, 0.19607438, 0.00578406,-0.7145646 , 0.44604172, 0.18370144,
 -0.20159407,-1.221237  , 0.20216124, 0.33040865,-0.65005455,-1.41716815,
  0.02834968,-0.63250107,-0.57665264,-0.41932214,-0.40455483, 1.07283231,
 -0.55075685,-0.49392473, 1.02873207,-0.16781206,-0.27713443, 0.26815   ,
 -0.70468516,-1.46327328,-0.09507439,-0.86865831,-0.49893086, 0.18478024,
 -0.51707336,-0.93715745, 0.17316462,-0.8162864 ,-0.37689283, 0.38686441,
  0.36462025,-0.18915711,-0.07012164,-0.72392137, 0.16362778,-0.52935167,
 -0.29579844, 0.70290046,-0.24271941,-0.46366746,-0.51998401,-0.72881073,
 -0.53255292, 0.66916504,-0.73933758,-0.81731952, 0.27392067, 0.09790509,
  0.00741956, 0.16697892,-0.94036341,-0.36075115, 0.03044635, 0.84327271,
 -0.92371512,-0.02894306,-0.24786507, 0.06614044, 0.53702285,-0.09952127,
  0.40336803,-0.50102952, 0.94808411, 0.97495203,-0.97622581,-0.15931681,
  0.09035725,-0.82215689,-1.98339074,-1.50728062, 0.34118358,-0.08359062,
  0.89229184,-0.90518846, 0.12785197,-0.33346262,-0.41201997,-0.15626793,
 -0.93901677, 1.77072172, 0.55279685,-0.42112267, 0.40608689, 0.33957387,
  0.06785333, 0.31174548,-0.3263073 ,-0.63853912,-0.84692224,-0.73333408,
 -1.15892897,-0.60221215,-0.08243052, 0.45772636, 0.1587508 ,-0.14152642,
  0.41815756, 0.65674118,-0.17799777, 0.33863889,-0.96964938, 0.7589349 ,
 -0.64665078, 0.3017012 , 0.76118793,-0.92215356,-0.40871455, 0.68764158,
  0.21349175,-0.77519912, 0.80272931, 1.03864831, 0.12551182, 0.08204599,
 -0.28220789, 0.73543813, 0.75520327,-0.96158189, 0.22712344, 0.47303263,
  0.73669607,-0.67442326, 0.10408446,-0.12055141, 0.2721738 ,-0.51597511,
  0.85861086,-0.11185901,-0.84028144, 0.03687414, 0.38304912, 0.68652548,
  0.62654656, 0.40160252,-1.01954274, 0.54423899, 0.32671835,-0.2256598 ,
 -0.01938347, 1.4160629 ,-0.75767175, 0.29599723,-0.33128333, 0.60430671,
  0.72422623,-0.40148248,-0.87916843, 0.07337589,-0.23555749,-0.74689714,
 -1.02324547,-0.78241754,-0.77599444, 0.94312125,-0.90418675,-0.25045321,
  0.82025896,-0.4336275 , 0.20569037, 0.93735948,-0.52553871,-0.29684771,
  3.49379637, 3.04596194, 4.54929902, 1.34401817]