NN backprop lr=0.001, hidden nodes=[4]

        1 layer, [4] hidden nodes  
        clip max  = 50 
        activation = relu 
        max iters = 1000
        learning rate = 0.001
    
train accuracy: 0.8592531801395158, 0.5690056079879633, 0.8476268636301464, 0.5651757625495828, 0.9227191902612502, 0.5668171248803173, 0.5640815209957598, 0.5659964437149501, 0.756668034468609, 0.7514703870879497
train acc mean: 0.6968814115716044
train acc std: 0.13857412633670568
test accuracy: 0.8696186961869619, 0.5362853628536285, 0.8585485854858549, 0.5707257072570726, 0.923739237392374, 0.5584255842558425, 0.5805658056580566, 0.5633456334563346, 0.7724477244772447, 0.7355473554735548
test acc mean: 0.6969249692496926
test acc std: 0.14383383279799064
loss: 0.5333057013968433, 0.32127178804150724, 0.570894369058662, 0.6931471805599452, 0.4619699413297502, 0.6317951850831615, 0.4084453904846244, 0.6931471805599452, 0.2607467574810766, 0.4607040738245997
fitted weights: 
 [ 6.14752138e-01, 9.78564329e-01, 2.06670188e-03, 4.25778014e-01,
  1.60328882e-01, 5.28277719e-01,-4.76310993e-01,-2.15362541e+00,
  1.12964580e-01, 8.20691121e-02, 8.81458493e-01,-8.02045534e-03,
 -7.18650622e-02, 4.45624086e-01,-4.90973461e-01,-9.09707844e-01,
 -1.32455573e-01,-4.19282983e-01,-8.79528579e-01,-2.83369034e+00,
 -5.47066825e-02,-4.85794314e-01, 5.28133705e-01, 6.52714613e-01,
 -7.92079850e-01, 4.79649939e-01,-1.06848606e-01,-1.12446535e+00,
 -4.53383415e-01, 3.66532766e-01,-1.48783883e-01,-9.36353368e-01,
 -7.26315418e-01, 8.80565344e-02, 4.60347536e-01,-2.83841504e+00,
  9.42198136e-02, 4.94383776e-01,-3.41141950e-01,-5.08451767e+00,
  1.29804360e+00,-2.97855084e-01,-2.85935333e-01,-1.71315569e+00,
 -1.36384507e+00, 5.29045010e-01, 6.91754657e-01, 4.91352203e-01,
  5.30888275e-01,-8.17456119e-01,-1.03748384e+00,-3.28450386e+00,
 -4.39709703e-01,-4.56420388e-01,-4.95952014e-01,-3.52272826e+00,
 -5.18883132e-01, 8.00802647e-01,-5.84672684e-01, 3.59584501e-01,
 -3.70412334e-01,-1.46855545e-01,-6.35011080e-01,-2.55428529e+00,
  3.79291372e-01, 4.84330866e-01, 1.31829011e-01,-6.75046305e-01,
 -3.13712447e-01,-5.94234057e-01,-6.79413210e-01, 7.15578527e-01,
  2.39486252e-01,-1.16220613e+00, 9.51985908e-01,-4.18500198e+00,
  9.33426930e-01,-9.17428721e-02, 7.64607083e-02, 3.23714769e-01,
 -4.91678113e-01,-2.96967541e-01, 8.69074818e-01, 7.09822802e-01,
  8.07572731e-01,-2.29811585e-01,-2.26639251e-01,-4.04605252e+00,
 -6.98058124e-01,-4.71447507e-01, 5.16616470e-01,-5.17723810e-01,
 -6.35133563e-03, 4.83901957e-01, 3.16443300e-01, 3.74563514e-01,
  5.00943045e-01,-2.83889423e-01,-1.03254263e+00,-5.63023787e+00,
 -3.47642515e-01, 4.91801842e-01, 1.93993732e-01, 2.83577905e-02,
  2.56338642e-01,-3.19057610e-01, 8.52611793e-01,-4.43082409e+00,
  1.44131056e+00,-6.13149236e-01, 2.03420026e-02,-4.25940546e-01,
 -1.05113391e+00, 5.18961747e-01,-6.84706839e-02, 7.16579773e-01,
 -6.59250549e-01,-3.96904859e-01,-8.65941839e-01,-3.37365078e+00,
  4.23345978e-01, 7.12179433e-01,-2.04603264e-01,-1.26879120e+00,
  5.63611445e-01,-7.89994763e-01,-6.49796236e-01,-9.45924247e-01,
  8.60013000e-01, 7.96499647e-01, 3.69128768e-01,-6.87644287e-01,
 -2.99916481e-02, 6.56465682e-01,-5.13409466e-01, 8.38671920e-01,
 -3.42362970e-01,-4.55141008e-01,-7.28314440e-01,-9.72187792e-01,
  7.89008421e-01, 3.79950286e-01, 7.80292111e-01, 6.24828960e-01,
  6.25857599e-01, 8.28876532e-01,-6.52911986e-01,-2.94952997e-01,
 -9.66128339e-02,-5.21804275e-01,-8.72586181e-01, 1.11966073e-01,
  6.85207171e-01,-2.10409981e-01,-4.06532374e-01,-6.83427970e-01,
  1.36373416e-01,-5.44629144e-01,-4.66515342e-01,-1.18568108e+00,
  1.31179478e+00,-6.49665913e-01,-6.47317591e-02,-1.24005160e+00,
  8.78056720e-01, 4.22627894e-01,-1.04864970e-01,-2.00771892e+00,
  4.72492623e-01, 1.00964665e+00, 2.76177186e-01,-2.71939720e-01,
  3.29965062e-01, 5.21400976e-01, 2.71057465e-01,-3.91698212e-01,
 -1.00688092e+00,-6.42845087e-01,-9.92780340e-01, 3.19650939e-01,
  1.65718758e-01, 1.16174779e-01, 3.22108515e-01, 7.91172814e-01,
  1.16584095e+00, 6.41647523e-01, 2.53544545e-01,-7.53933264e-01,
 -8.25416804e-01,-1.08251638e+00,-6.85652065e-01,-5.93316848e+00,
  1.08939217e+00, 1.25929457e-01, 8.42302948e-01,-3.28083464e+00]
[ 0.20293296,-0.1075251 ,-0.287921  ,-0.0613249 , 0.0746289 , 0.06309103,
 -0.18162257,-0.33910415, 0.09406659, 0.23475016, 0.56546069,-0.83429856,
 -0.73965475,-0.39872185, 0.71444166,-0.38559224, 0.09929645, 0.0497825 ,
 -0.22760214,-0.18896753,-0.3365956 , 0.87576672, 0.07663275,-0.6572301 ,
  0.35746443, 0.26016096, 0.46225031, 0.33567538,-0.13044092, 0.14288939,
 -0.43921018, 0.15259055, 0.4347419 ,-0.59365254, 0.37548978, 1.43017557,
  0.13082912,-0.64949766,-1.17232704, 0.32175582,-0.75904172,-0.3466201 ,
 -0.62741281,-1.40533131,-1.0850906 ,-0.09546965, 1.08642066, 0.61850366,
 -0.9829615 , 2.14273459,-1.61855524,-0.30397626, 1.20697624,-1.35351173,
 -0.30546019,-1.28190486,-0.20725626,-0.59863235, 1.28604204, 1.2751664 ,
 -1.01815832,-0.66580227,-0.0450456 , 0.19531848, 0.32421567, 1.00255145,
 -0.24790847,-0.08873974, 0.9351948 , 0.05497336,-1.01906671,-0.22724429,
  0.09646485, 0.08558389,-1.53921232,-0.09948623, 0.53905081, 0.44196612,
 -0.39414238, 0.32901372, 1.21152949, 1.0625934 , 0.47065178,-0.60163119,
 -0.91796646,-0.3781129 ,-0.24800351, 0.4974549 , 1.15311687,-0.41762559,
 -0.19172597, 0.43904864,-0.12137355,-1.03610537,-0.86074308, 0.41116921,
 -0.94959069, 0.53300269,-0.88128716, 0.22702159, 0.95985387, 0.04644384,
 -0.9377807 , 0.7615773 , 0.83291719,-1.07846606,-0.15216792,-0.06449177,
 -1.66160417,-1.61986789, 0.21935174,-1.05607469, 1.1876988 , 0.31286371,
  0.53062911,-0.88862629,-0.09660351,-0.39571784,-0.76102931,-0.29414908,
 -0.08410485,-0.35988902,-0.728909  ,-0.30081161, 0.50282289,-0.95422699,
  0.06372736,-0.90578631,-0.61981606, 0.66196817, 0.39400964,-0.31227161,
 -0.97793788, 0.5370038 ,-0.32187071,-0.62176447,-1.51614186, 1.2217961 ,
 -0.8147941 ,-0.73009449,-0.54845429, 0.50812894, 0.16553771,-0.93778999,
 -0.34579564, 0.88409743,-0.60480151,-0.76678271, 0.56780545,-0.56397939,
  0.13568232, 1.37804231, 0.96514878, 0.24948649, 1.20612557, 0.52092331,
 -0.67805324, 0.88204856,-0.83883696,-0.53120012,-0.77698988, 0.64289833,
 -0.82351903,-0.46344493, 0.68487914,-0.7320584 ,-0.32788527, 0.04167188,
 -1.07581221, 0.100911  ,-0.06203821,-0.94044341,-0.01380687, 0.22454394,
  0.36298385,-0.23785201, 0.35737937, 0.80985256,-0.75886746,-0.70360543,
  0.31498745,-0.68280492, 0.02067498,-0.66595812, 0.35708503,-0.34057166,
 -0.45080576,-0.06411192, 0.48487426,-0.60410084,-2.19415618,-0.00488961,
 -2.11316214,-2.06134668,-0.96301691,-1.54655601]
[-7.86873699e-01,-9.09560029e-01, 3.82911556e-01, 3.01216122e-01,
 -4.72700231e-01, 6.70235723e-01,-8.86718302e-01,-1.20940549e+00,
 -8.02806586e-01,-1.90997459e-01,-3.33720250e-01, 5.61852889e-01,
 -6.95737536e-01, 8.21812524e-01,-9.62394457e-01,-9.14923409e-01,
 -4.68991519e-01, 3.37010200e-01,-1.02450190e+00,-1.12190538e+00,
 -1.14241254e-01,-9.97900217e-01, 9.29231754e-01, 6.62561502e-01,
  5.06763422e-01, 4.55199710e-01,-7.06593779e-01, 3.08321325e-01,
 -1.23994485e-02,-2.08353352e-01,-5.58856467e-01, 1.84301898e-01,
 -3.04100406e-01, 5.43600653e-01,-6.33463716e-01,-2.37661421e-01,
 -2.92937840e+00,-2.10352500e-01,-1.15734189e+00,-1.56473324e+00,
 -7.24470417e-02, 4.54214344e-01,-4.63180321e-01, 5.09805521e-01,
 -1.07085060e+00,-1.53760556e+00,-2.03790749e-01, 1.05244465e+00,
 -2.31084929e+00, 7.91629809e-01,-1.93033558e+00,-1.14171833e+00,
 -1.68062436e+00,-2.07616555e-01,-1.16877734e+00,-2.02486196e-01,
 -3.35219227e-01,-1.17343727e+00, 8.68838416e-01, 2.65064220e-01,
  3.86934106e-01, 3.66256094e-01, 3.67905883e-01,-6.11763264e-01,
 -9.14348630e-01,-7.19140976e-01, 3.26781426e-01,-6.61415488e-01,
 -1.65401270e+00,-3.14676662e-01,-1.06389812e+00, 6.43900444e-01,
 -3.76295424e-01, 1.34519346e+00,-1.96263770e+00,-1.59514007e+00,
 -5.41128863e-01, 4.06944768e-01, 4.75737715e-01,-9.53287855e-01,
 -1.36612602e+00,-8.62201797e-01, 1.73076180e-01, 8.85896733e-01,
 -1.42918030e+00, 1.08835735e-01,-2.27962173e-01,-1.51206662e+00,
 -3.84222583e-01,-6.97448423e-01,-5.39464354e-01,-1.09510005e-01,
  4.47434275e-01,-2.95539565e-01,-7.71696220e-02, 5.98529852e-01,
 -1.89106416e+00,-7.34309264e-02,-1.62190364e+00,-1.24762552e+00,
 -1.21670410e-01, 2.20333852e-01,-4.57260065e-01,-9.54914203e-01,
 -1.58190537e+00,-1.19009427e-01,-2.39471569e+00, 3.26062768e-01,
 -5.42725294e-01, 5.33959520e-01,-9.16030552e-01, 3.55358234e-01,
 -2.31657324e-01,-1.01197911e+00,-3.44777314e-01, 3.83852886e-01,
 -3.62478613e-01, 1.18410138e+00, 2.18211203e-01,-5.02184842e-01,
 -1.50857365e+00,-1.65690005e-01,-7.57758821e-02,-4.30359679e-01,
  5.80826711e-01, 3.25310502e-01,-8.86379587e-01,-5.69675760e-01,
  1.42747988e-01, 8.64491432e-01, 6.59866251e-01,-5.40633813e-01,
 -3.41938179e-03,-4.22200770e-01, 4.28525717e-01,-6.62676070e-01,
 -1.38541029e-01, 3.11291955e-01,-1.54896697e-01, 7.06907800e-02,
  4.73609249e-01,-3.41539608e-01, 6.37031434e-01,-3.50290530e-01,
  2.62588098e-01, 1.16044866e+00,-6.29991176e-01,-3.03276762e-01,
  5.65203319e-02, 4.15092064e-01,-6.29695092e-01,-7.70820694e-01,
 -5.04617996e-01,-4.18136312e-01, 2.14032716e-01,-1.59741790e-02,
 -8.24150627e-01,-1.39638303e+00, 4.63466726e-03,-3.67549877e-01,
 -3.35567751e-01, 6.54278909e-01, 1.07887303e-01, 3.96071254e-02,
 -5.89234432e-01, 9.04162326e-01,-9.33069219e-01,-4.78040853e-01,
 -1.38534227e-02,-2.60037303e-01, 5.47172718e-01, 1.22940550e-01,
  5.92107808e-01, 1.76888412e-01, 6.43052393e-01, 4.73303108e-01,
 -9.99056526e-01,-8.84463887e-01,-1.76086479e-01,-5.62020196e-01,
 -8.25310818e-01,-6.37288802e-02,-8.33550510e-01,-1.55048151e-01,
  5.80246946e-01, 1.03326198e+00, 2.21883010e-01, 2.88025136e-03,
 -1.37194760e+00,-6.14928172e-01,-1.01681523e+00,-8.48064880e-01,
 -3.33706584e+00, 9.44578549e-01,-1.18907442e+00, 8.17254253e-01]
[-0.25754628, 0.64265932,-0.87206581,-0.8982144 ,-0.43092187,-1.91873259,
 -0.77735306,-0.0965958 , 0.19640141, 0.73960559,-0.47141602, 0.44137746,
 -0.45427089, 0.16133586,-0.66477693,-0.22526636,-0.54006707,-1.63524408,
 -0.94645459,-0.46607741,-0.70852413,-0.82816209, 0.38778922,-0.60699662,
  0.4234005 ,-0.45697691,-1.515143  , 0.30729142,-0.6463131 ,-1.10190785,
 -1.70237361,-0.51982743, 0.14498621,-2.39592859,-1.47618181,-0.959644  ,
 -1.2701322 ,-2.16885892,-2.05414882,-0.43564487,-0.15013888,-2.03191699,
  0.52633249,-0.79460378,-0.86198534,-0.25975789,-1.18435683, 0.17714431,
 -1.12538156,-3.17409518,-1.62918562,-0.57259491,-0.00871531,-1.11610967,
 -1.59307472,-1.30758995, 0.15841694, 0.95333089,-0.9110574 , 0.58554071,
  0.07122277,-0.0590133 , 0.06737005,-0.80271027, 0.33216974,-0.42128715,
 -0.42204895, 0.25772479,-0.31591348,-0.41734791,-1.17260908, 0.13708618,
 -0.49664051,-2.19349359,-1.62734734,-0.92213251, 0.26511546, 0.48559095,
 -0.82586779, 0.55897339,-0.21201897, 1.02714738,-2.15011034,-0.38936795,
 -1.3945967 ,-3.03292147,-0.6039556 ,-1.7264341 ,-0.16859061,-0.0241187 ,
 -0.74429714, 0.30252592, 0.73062972,-0.93927848,-0.0982284 , 0.03406465,
 -0.14256631,-2.0846663 ,-2.4061211 ,-0.66637539,-0.33279203,-0.83569009,
  0.8986346 ,-0.20655156,-1.81593366,-1.86792361,-2.76811911,-0.58689684,
  0.94448382,-1.36982848,-0.36852712,-0.01411073,-0.10325926,-0.31173996,
 -1.03335765, 0.72366965,-0.58642359,-0.91393271,-0.6007987 ,-0.0193471 ,
  0.57477455,-0.69391593, 0.57535435,-0.81608465,-0.37742013, 0.89774722,
  0.76872   ,-0.25287744, 0.72231517, 0.12556147, 0.84009487,-0.71419757,
 -0.21955493,-0.14923279,-0.72011226, 0.28283343, 0.32035795, 0.05724269,
 -1.71288429, 0.30142378, 0.98474964,-0.30343145, 0.87024172,-0.85537755,
  1.02358355,-1.013012  , 0.68722826,-0.31850661, 0.31455351,-0.63489255,
  0.19820191, 0.99286198,-0.19332429,-0.58438245,-0.07854164, 0.41543834,
 -0.3353795 ,-0.57728199,-1.1007544 , 0.15252867,-0.83655626,-1.23197342,
  0.3211824 , 0.45205309, 0.13758355,-1.01175017, 0.46351944,-0.51503346,
 -0.74829594, 0.25456275,-0.42550902,-0.38877939, 0.57585397, 0.20972776,
 -0.74723889,-0.07812133, 0.69641621, 0.25447694,-0.18219   , 0.04011665,
  0.61932979, 0.53546575, 0.35004812,-0.15128424, 0.25872996, 0.5833584 ,
  0.26258367, 0.64717943,-0.44037442,-2.15755869,-2.33205326,-1.78294222,
  0.14611613, 4.53453742,-3.17509924, 4.64952373]
[ 5.39307833e-01, 5.76037753e-01,-9.18047274e-01,-9.41114934e-01,
  3.82429754e-01, 3.62222516e-01, 4.53253688e-01,-7.22199311e-01,
  2.06572494e-01, 8.21325373e-01,-2.17301336e-01, 1.24191169e-01,
 -8.08037262e-01,-8.42557599e-01, 3.70410552e-01, 6.05840209e-01,
 -7.42701896e-01,-2.81010378e-01,-4.68883180e-01,-4.68573059e-01,
 -5.15137122e-01, 6.20747077e-01,-8.77825760e-02,-3.33523276e-01,
 -5.59857787e-01,-8.73183576e-01, 3.99733005e-01,-4.84502640e-01,
  4.53080339e-02,-4.54648737e-01,-4.59976217e-02,-6.57651181e-01,
  1.48606474e-01,-2.49844769e-01,-9.03890823e-01,-2.24056879e-02,
 -4.26651482e-01,-8.11176334e-01, 1.70951613e-02,-1.49530233e+00,
 -1.89647820e-01, 4.01414271e-01, 1.61691314e+00,-5.58021910e-01,
  9.48689829e-01,-7.95259052e-01,-2.26023105e+00,-6.47632463e-01,
 -1.78628423e+00,-6.10142070e-01, 7.94738543e-01,-4.69400969e-01,
 -1.12588337e+00, 2.62193326e-01,-3.89746511e-01,-4.22959529e-01,
 -2.79190452e-01,-5.95731189e-01,-1.66471071e+00,-5.21876194e-01,
 -5.19505218e-01,-7.96969946e-01, 1.38895946e-01,-6.56464594e-01,
  6.57028894e-01,-8.23304767e-01, 4.72187786e-01, 3.90210085e-01,
  6.81753675e-01, 2.18373801e-01,-3.40043227e-01, 4.39915553e-01,
 -1.22211154e+00,-1.34126277e+00, 4.40769768e-01,-1.40223939e+00,
 -8.60528402e-01,-4.97947852e-01,-7.60952292e-01,-1.34804920e-01,
  1.86835345e-01,-8.08114245e-01, 5.40857550e-01, 9.43204852e-02,
 -5.92833872e-01,-6.13441592e-01, 1.33426813e+00,-1.03292574e+00,
  6.79257991e-02, 4.82103138e-02,-6.49453449e-01,-3.50948865e-01,
  4.77241536e-01,-7.85751750e-01, 7.04073128e-01, 8.72030441e-01,
 -3.00884652e-01, 3.58158662e-01,-5.43752697e-01, 2.30101117e-01,
  3.81264775e-01, 2.04630048e-03, 2.27211032e-01,-3.09408286e-01,
 -5.60199617e-01,-9.38563760e-01,-3.28075707e-01,-6.10564731e-01,
 -3.14293449e-01,-2.81122896e-01, 1.79700223e+00, 1.06488959e-01,
 -7.60883440e-01,-8.37361366e-01,-1.07067755e+00, 9.00279087e-01,
 -7.41223134e-01, 4.43711231e-01, 1.03438481e+00,-6.60059703e-01,
 -1.20408039e+00,-5.58578616e-01, 6.22187561e-01, 1.31549091e-01,
 -5.61823837e-01,-6.87508057e-01,-8.33066728e-01, 9.99740700e-03,
  7.21970014e-02, 2.89265706e-01, 1.87426782e-01, 2.52370293e-01,
 -3.24265239e-01, 3.57367170e-01, 7.38707189e-01,-9.54076301e-01,
 -5.79637153e-01, 3.48427261e-02,-5.38761405e-01,-6.52775352e-01,
 -2.91663856e-01, 4.69095694e-01,-6.06965722e-01, 6.81155241e-01,
  2.21843439e-01, 5.22223105e-01, 4.31535804e-01,-6.92213655e-01,
  3.45657062e-01,-3.92299624e-01,-4.95936064e-02,-7.75191847e-01,
 -3.39166117e-01,-3.39271926e-02,-3.04506974e-01,-7.60493154e-01,
 -3.03386648e-01,-7.39773199e-01,-5.04026123e-01,-2.91293631e-01,
  5.79847393e-02, 3.03395587e-01, 5.25411512e-01, 1.32968264e-02,
  4.06379362e-01,-1.29823838e-01,-2.28018488e-02, 5.54658935e-01,
  4.98572111e-01,-1.66580863e-01, 5.02044116e-01, 4.75306915e-01,
  7.03840883e-01, 4.12790738e-01,-3.14079842e-01,-4.74635371e-01,
  7.24701767e-01,-6.90114465e-01,-5.19985867e-01, 2.03223936e-01,
 -6.82939821e-01, 5.61752484e-01,-8.12190099e-01,-4.04775141e-01,
 -5.77630849e-01, 7.63084213e-01, 7.87758853e-01, 2.91520501e-01,
 -4.35776595e-01,-3.93964119e-01, 7.07735779e-01,-6.98671146e-03,
  6.50583203e+00, 8.65299990e-02, 1.69279364e+00, 5.55706056e-01]
[ 6.67616039e-01, 8.21515055e-01,-9.13041151e-02, 4.29477242e-01,
 -6.59019400e-01, 1.46269890e-01,-5.76514195e-01, 4.86983023e-01,
 -1.35451602e+00,-1.49389555e-01, 1.02633115e+00,-7.49507755e-01,
 -5.10849039e-01,-1.34938000e-03,-4.97125683e-01,-6.79911493e-01,
 -1.65013642e+00,-1.07536563e+00,-7.57488849e-01,-1.04475309e+00,
 -6.21280606e-01, 9.40627260e-01, 9.94127667e-01,-6.45734716e-01,
 -2.39032947e+00,-3.66370527e-01,-1.61815241e-02,-8.51865700e-01,
 -1.68008389e+00, 3.34595898e-01, 3.31646320e-02,-7.75522957e-01,
 -1.30465656e+00,-9.39256714e-01,-7.96470463e-01,-5.15004678e-02,
 -3.63831424e+00,-1.09378662e+00,-8.65277363e-01,-7.07202140e-01,
 -7.71446522e-01, 4.66899837e-02,-1.13663091e+00,-1.31921368e-01,
 -3.29840951e+00, 3.29387629e-01, 6.92497201e-01,-9.99800440e-03,
 -1.13115376e+00,-9.04701385e-01, 3.20024165e-01,-5.75282632e-01,
 -6.51106982e-01, 6.33836475e-02, 4.89295885e-01, 4.67883860e-01,
 -3.53287470e-01,-4.19682575e-01,-3.83854014e-01,-6.94454507e-01,
  8.76804661e-01,-7.38861732e-01,-2.06170743e-01,-6.25618896e-01,
  6.89596709e-01, 9.94987092e-01,-6.47582881e-01,-2.54215193e-01,
 -1.78866951e+00, 1.46379060e-02,-8.99255573e-01, 2.73659639e-01,
 -1.03355043e+00,-7.47084985e-01,-4.19907741e-01, 3.93103644e-01,
  2.95646994e-01,-3.40434225e-02, 3.76215108e-01,-9.49082320e-01,
 -1.65496532e+00,-1.93685424e-02, 8.87882658e-01,-6.89213094e-01,
 -1.28593280e+00,-9.69287737e-01, 6.99574227e-01,-2.57253011e-01,
  5.92533004e-01, 5.45591652e-01, 1.05659762e-01, 6.79877266e-01,
 -8.84659011e-01, 8.68329350e-01, 2.73304088e-01,-6.36066556e-01,
 -3.99666175e+00,-1.81921869e+00, 5.23795060e-01, 2.41525819e-02,
 -6.05746530e-01, 5.79048924e-02,-3.01441661e-01, 5.43546708e-01,
 -5.05587658e+00,-4.71389553e-01,-2.69381147e-01, 4.59941622e-01,
 -2.67010719e-01, 6.31927476e-01, 1.04412199e-01,-8.34415687e-01,
 -1.66750606e+00, 1.05339689e+00,-4.02964008e-01,-4.57836043e-01,
  1.68699071e-01,-7.70828970e-01, 1.99300408e-01,-2.24315229e-01,
 -1.03092561e+00,-2.22107363e-01, 3.82749234e-01,-5.41936631e-01,
 -3.97226377e-01, 2.35841552e-02, 5.45282768e-01,-5.08276810e-01,
 -4.09318439e-01, 1.81182944e-01, 4.52800728e-01, 3.02701581e-02,
 -3.81720878e-01,-6.41763086e-02,-8.67710607e-02,-5.42206314e-01,
 -2.20211053e+00, 3.90788322e-02, 6.28704180e-01,-5.85962666e-01,
  5.22025509e-01, 5.19961641e-01, 2.56533290e-01,-1.72442245e-01,
  2.04031900e-01,-9.37161641e-02,-8.32047776e-01,-2.57384629e-01,
 -1.00593234e+00,-8.87520197e-01, 3.84061920e-01,-1.64683576e-01,
  2.96041032e-02, 7.37398886e-01, 7.62366713e-01,-5.24092902e-01,
 -2.70250120e+00, 6.26506239e-01,-1.47408108e-01,-7.34168692e-01,
 -9.27383176e-01, 4.85788402e-01, 2.08876556e-01,-4.96052042e-01,
 -1.20533376e+00,-1.05238505e+00,-2.06178166e-02, 9.11692940e-01,
 -1.30516415e-01, 8.80952779e-01, 1.54218448e-01, 3.83353568e-01,
 -2.95910801e-01, 5.99054631e-01,-9.84621925e-01,-4.47716149e-01,
 -3.05077237e-01, 3.10275748e-01, 5.00422241e-01,-7.84170491e-02,
  6.98023517e-01, 6.73289513e-01,-7.05762984e-01, 1.03913143e-01,
 -5.75219290e-01,-1.97533000e-01,-7.10954195e-01, 2.57450477e-01,
 -3.49246325e+00,-6.87447734e-01, 1.37287596e-01,-1.29690673e+00,
 -2.15931294e+01, 7.90398957e+00,-8.09469959e-01, 3.71816250e+00]
[-3.96892920e-01, 4.28668579e-01,-5.42475539e-01, 9.03665374e-01,
  1.42123937e-01,-3.28887143e-01,-3.13376229e-01, 1.76834924e-01,
 -8.13784831e-01,-3.93710571e-01,-5.40392110e-01, 1.72254943e-01,
  4.17871523e-01, 5.66407157e-01, 1.43545513e-01,-5.63748272e-01,
 -4.43190784e-01,-2.49310570e-01,-4.47589943e-01, 1.76113017e-01,
 -4.25096748e-01,-8.91559396e-01,-3.11033065e-01, 4.56229108e-01,
 -5.53414110e-01,-2.10764643e-01,-3.90218820e-01, 4.48781605e-01,
  1.51016575e-01,-2.46382381e-01,-1.15014197e+00, 7.75339870e-02,
 -4.65548887e-01,-2.15512056e+00,-5.13692062e-01,-7.89722976e-01,
  4.42047154e-01,-1.18663611e+00,-6.71531234e-01,-1.51674769e-01,
 -4.26726653e-01,-3.83720991e-01, 5.53032928e-02,-2.47327508e+00,
 -6.40772198e-01, 7.83279682e-01,-6.38102413e-01,-2.00331292e-01,
  5.94422403e-01,-1.24377734e+00,-2.68397461e-01, 3.03153821e+00,
  2.15411079e-01,-9.38723607e-01,-2.02814350e-01,-3.58450572e-01,
 -6.11309792e-01,-2.55380656e-01,-1.09826038e+00, 8.43855653e-01,
  1.65190510e-01,-9.54051097e-01,-6.56590570e-01,-8.62159415e-01,
 -6.99982032e-01, 1.00878152e+00,-2.14749691e-01,-4.81491633e-01,
 -5.63022059e-01,-5.59746215e-02,-6.99591998e-01, 2.85508946e-01,
  6.56825006e-01,-1.67959509e+00, 1.72732855e-01,-1.19485351e+00,
 -3.87150989e-01,-5.49104315e-01,-8.40919044e-01, 5.42802879e-02,
  5.85204450e-01, 2.73268641e-01,-1.24134628e+00, 2.18212229e+00,
 -7.83992348e-01,-2.31650390e+00,-4.21691309e-01,-1.72696995e-01,
  1.63596424e-01,-2.38324695e-01,-4.29303368e-01,-1.15933486e+00,
 -3.85693045e-01, 7.45604479e-01,-8.78016682e-01,-7.83349250e-01,
 -9.21396815e-01,-1.82477268e+00,-1.02942151e+00, 4.03960942e-01,
 -4.72671283e-01, 4.69512220e-01,-9.34018098e-01,-8.76955491e-01,
 -7.40080593e-01,-2.20980661e+00,-5.62443384e-02,-9.99165965e-02,
  3.88736710e-01,-7.36504944e-01, 8.04758094e-01,-1.98689143e+00,
 -2.21126755e-01, 1.17923166e+00,-6.35670499e-01, 1.35073623e+00,
 -3.88852487e-01,-1.80921973e+00, 1.50907157e-01,-8.06305289e-01,
 -8.29405822e-01,-2.02035168e+00,-1.52499285e-01,-7.00025176e-01,
 -9.40278840e-01,-9.58836926e-01, 1.50425828e-01,-6.06463240e-01,
  1.46954191e-02, 8.01163662e-01,-2.59581117e-02, 7.45417796e-01,
  9.24774572e-01,-1.77721413e-01,-5.08530053e-03, 9.87669933e-01,
 -6.65594089e-01, 1.20654141e-01,-6.77099979e-01, 1.02112661e+00,
 -9.10786420e-01,-5.43224552e-01,-6.92678807e-01,-3.31699385e-03,
 -9.44029160e-01, 3.64318768e-01, 8.19368001e-01, 7.51457573e-01,
 -9.47962566e-01,-7.11706645e-01, 1.56247858e-01,-4.96411850e-01,
 -5.06014909e-01,-4.85753691e-01,-7.85913453e-01,-8.51967248e-02,
 -6.13504779e-01, 2.52613188e-02,-2.82207089e-01,-1.77321036e-01,
 -8.67805977e-01,-6.16050536e-01, 6.02279265e-02,-5.33587177e-01,
  8.54175914e-01,-2.18051521e-01, 6.90766642e-01, 3.49854507e-01,
 -6.10314298e-01,-2.02380942e-01,-1.08744005e+00, 2.75895692e-01,
  2.45416874e-01, 7.22207019e-01,-9.61991752e-01,-1.71200760e-01,
 -7.44990891e-01, 5.81590771e-01,-2.12892281e-02, 2.25608026e+00,
  6.37236226e-01,-1.98764266e-01, 6.16641114e-01, 8.83328241e-01,
 -2.71378420e-01, 5.35614610e-01, 2.92709841e-01,-3.84032617e-01,
 -5.57270812e-01,-1.23855224e+00,-4.78696081e-01,-1.85781966e-01,
 -1.35173548e-02, 6.16499685e+00,-8.00915303e-01,-3.35680850e+00]
[ 6.43716536e-02,-3.38164044e-01,-1.36211541e-01,-7.84044336e-01,
 -1.80084961e+00, 2.06747265e-01,-1.15506086e+00,-4.01890793e+00,
  1.28088329e-01,-7.82926181e-01,-5.67459500e-01,-1.46561127e+00,
  5.64207298e-01, 4.95727515e-01, 4.96950597e-01,-1.92478806e-02,
 -1.89780526e+00,-2.06440913e-01,-1.31946297e+00,-3.86301200e+00,
  4.55755256e-01,-6.97786815e-01, 8.87670661e-01, 8.25056712e-01,
 -7.58598776e-01,-6.17154928e-01,-1.69875877e-01,-2.74694535e+00,
 -2.05754052e+00,-1.54214446e+00,-1.53107035e-01,-3.78949115e+00,
 -3.85893415e+00, 3.92234555e-02,-2.42146756e+00,-6.21553413e+00,
 -3.80005387e+00,-2.77299958e+00,-1.47802625e+00,-1.02031136e+01,
 -1.59195348e+00, 2.19411454e-01,-4.09939835e-01,-3.92334332e+00,
 -9.33789115e-01,-6.98963763e-01,-3.63176745e-01,-6.34945179e-01,
 -3.88764939e+00,-9.78428105e-01,-1.58559310e+00,-8.68963081e+00,
 -2.25640403e+00,-2.13633472e-02,-1.07960202e+00,-5.20900514e+00,
  5.77059062e-02,-7.59860853e-01, 5.47324935e-01,-5.27503169e-01,
 -1.92070886e+00, 7.87563885e-01,-1.32428361e+00,-2.94181340e+00,
 -3.50892181e-01, 6.94542190e-01, 3.45069279e-01, 8.92573673e-01,
 -6.56813558e-01,-7.79598400e-01,-3.89534191e-02,-3.88021223e-01,
 -4.08958109e+00,-5.89925425e-01,-3.52391018e+00,-8.44524210e+00,
 -5.19534981e-01, 6.09127396e-01,-5.72983469e-01,-6.75400175e-01,
  5.36622710e-01,-1.10309242e+00, 3.97043487e-02, 2.57518482e-01,
 -3.82595785e+00,-3.01548808e-01,-2.99719544e+00,-9.39271230e+00,
 -5.16825364e-01,-8.13517299e-01,-6.81175993e-02,-2.08629332e-01,
  6.16434485e-01, 6.73521625e-01, 4.62587773e-01, 3.79128194e-01,
 -3.89101010e+00,-1.19629654e+00,-3.05447420e+00,-9.70807015e+00,
  7.39700092e-01,-5.77978857e-01, 6.81893872e-01, 8.21572151e-01,
 -4.42724145e+00,-1.49590188e+00,-1.03268908e+00,-7.68268566e+00,
 -1.42970025e+00,-1.18821129e-01,-2.96086086e-01,-2.17923287e+00,
 -3.05518831e-01,-3.16612585e-01, 7.64027705e-01, 8.26683654e-01,
 -2.13910230e+00,-1.57466078e-01,-1.78169175e+00,-4.35620594e+00,
 -1.90724490e+00, 2.90286532e-01,-5.55589456e-01,-3.91088313e+00,
 -3.45125809e-01, 6.20620780e-02, 9.25869493e-01,-2.57492720e-01,
  4.83950251e-01,-7.50043435e-01,-8.18947384e-01,-8.60776723e-02,
  7.02394572e-01, 2.19972559e-01, 7.35969029e-01, 8.25880508e-01,
 -5.78085905e-01,-5.84307841e-01, 5.89352309e-01,-2.19528159e+00,
  8.14950683e-01, 5.36179313e-01,-3.42666322e-01, 8.25978844e-01,
 -1.39202081e-01,-1.03960601e-01,-1.31730333e-01,-9.92780224e-01,
 -7.43762404e-02, 7.28404271e-01,-1.72706757e-01, 1.81441086e-01,
 -1.03094014e+00, 1.55788780e-01,-2.56517473e-01,-1.56774245e+00,
 -2.21093365e+00,-1.15813354e+00,-2.97126891e-01,-3.06024356e+00,
 -1.77332648e+00, 6.11889826e-01,-1.32339034e+00,-1.98057433e+00,
 -1.42435817e+00, 2.25202448e-01,-1.06696218e-01,-3.08282946e+00,
 -6.62127905e-01, 6.61162839e-01, 4.47178272e-01,-5.23592476e-02,
 -7.61968761e-01, 1.01517487e-01, 3.58492835e-01, 2.10670704e-02,
  4.15542778e-02,-1.45738658e+00,-6.69057318e-01,-7.99185800e-01,
 -9.67370662e-01,-4.42934777e-02, 4.96488972e-03, 4.75295019e-01,
 -2.35264536e-01, 5.92582759e-01,-8.34057794e-01,-1.38870144e+00,
 -5.08195902e+00,-1.37683144e+00,-2.71883233e+00,-1.03826870e+01,
  2.01854122e-01,-5.22131855e+00, 1.95163028e+01, 2.67764816e+01]
[-0.38626854,-0.22120727,-0.16457399, 0.5175984 ,-0.45978503,-0.24878495,
  0.1106395 , 0.18908107,-0.08887335, 1.19525226, 0.15426046, 0.37128278,
  0.11506491, 0.26164668, 0.04469154, 0.73005184,-0.98902835, 0.05265445,
 -0.05401555, 0.17959362, 0.86007662, 0.08525765,-0.86201797, 0.81907516,
 -0.77289285, 0.29093139, 0.23283397,-0.01848113,-0.35310544,-0.10863131,
 -0.38514637,-0.12849247,-0.28896214,-1.38312884,-0.94457825, 0.22023966,
  0.19632563, 1.27036109,-0.82018478, 0.15995284, 0.29570404,-0.96022296,
  2.64376501,-0.68931856, 0.62746712, 2.04329752,-0.80434411,-0.84609407,
  0.08993077,-0.40230656,-0.65695175,-2.01829898, 0.44478532,-0.56235086,
 -0.88839814,-1.90426464, 0.10916932, 1.41849637,-1.08624096, 1.48596618,
  0.0464905 ,-0.79639298, 0.46879504,-0.90537325, 0.4781351 ,-0.57961228,
 -0.05928085, 0.03251936,-0.9985688 , 1.14852223,-1.18601804, 0.37232796,
 -0.79343863,-0.47116464,-0.08903326,-0.65589263, 0.71888116,-0.91756752,
 -0.00915483, 0.5620455 ,-0.94425673, 2.23677144,-0.29400459,-0.87843991,
 -0.94716569,-0.52907013, 0.09024441,-0.81875374,-0.08535342,-1.17344195,
 -0.51433627, 0.05642514,-0.17071409,-0.50424502, 0.03566722, 0.40360384,
 -0.31120497, 0.95573795,-0.0610307 ,-0.69358275,-0.4523712 ,-0.98590863,
 -0.93215264, 0.54388352,-0.94468058, 0.51875922,-0.67350722,-0.06567353,
  0.47387355,-0.65799582, 2.43581105,-0.98285097,-0.58952919,-0.58504748,
  0.2884616 ,-1.00347503,-0.82051086,-0.21403216, 0.05502871,-0.10789037,
 -0.40285483,-0.14835537, 0.08216145,-0.03558028, 0.91476309, 0.7329723 ,
  1.09379444,-0.7250761 ,-0.06548862,-0.79358017,-0.76760712, 0.40978713,
  0.53596599, 0.9261354 , 0.28726217, 0.64791514,-0.15718835, 0.06881762,
  0.89031259,-0.77530535, 0.46536641, 0.05605088, 0.04700861, 0.58904305,
 -0.5146958 , 0.02185044, 1.10429504,-0.80859924, 0.04664964, 0.62509636,
  0.40793471, 0.84360132,-0.89977758, 1.54033627,-0.80900165, 0.13127168,
 -0.1230083 , 0.19270733,-0.65703998,-0.44882886,-0.85515627,-0.90777838,
  0.62162792,-0.43707221, 0.40642939,-0.08630846, 1.4174043 , 0.50104233,
 -0.93397685, 0.43424006, 1.61978771,-0.88317232,-0.31430526, 0.50738727,
 -0.73032477, 0.24169532,-0.74130627, 0.77753776, 0.09036777,-0.484065  ,
  0.05338698,-1.39137426,-0.64374896,-0.37806991, 0.17121219, 0.12814554,
  0.27818748, 0.18443252,-0.07456211, 0.35251979, 1.37012734,-1.48758263,
 -1.82255285,-0.85140766, 2.44493766,-1.46106904]
[-9.08644269e-01, 4.57583534e-01, 5.80847179e-01, 8.80966860e-02,
  2.59450739e-01, 2.27620820e-01,-5.61618439e-01, 3.20125392e-01,
  6.67365944e-01, 9.42481763e-01,-5.10848951e-01,-8.42782762e-01,
  4.35778775e-01,-4.58339263e-01, 8.33945560e-01,-6.81163988e-01,
 -2.40349537e-01, 7.55773740e-01,-6.12297460e-01, 4.25479930e-01,
  9.86366047e-01,-6.68140223e-01,-2.22940690e-01,-2.87659540e-01,
 -5.97687206e-01,-6.04683240e-01,-2.46875195e-01, 4.15943945e-01,
 -1.06233737e+00, 2.13754392e-01,-2.11698501e-01,-9.71625303e-01,
 -1.48269831e+00,-3.05241873e-01,-7.07852661e-01,-1.21442716e+00,
 -3.72478915e-01, 1.00786453e-01, 3.08213968e-03,-1.35311802e+00,
 -6.80517620e-01,-7.35445003e-01, 2.77420604e+00,-1.10138883e+00,
  7.16932469e-01, 4.43859419e-01,-9.85392129e-01,-4.98734585e-03,
 -1.13654192e+00,-4.46555327e-01, 2.98528313e-01,-7.39263194e-01,
  1.21513371e-01,-1.47661990e+00,-1.54238791e-01,-9.34088652e-02,
 -4.04659743e-02,-1.35961110e-01,-9.60365187e-02,-7.62623456e-01,
  2.06694775e-01, 6.50947976e-02, 2.12844872e+00,-5.24311330e-01,
  8.39250474e-01, 8.90794207e-01, 2.22321636e-01,-1.78849948e-01,
  3.79174263e-01,-5.54292410e-01,-7.52171626e-01, 6.40507134e-01,
 -1.33012576e+00,-4.58451277e-01,-1.73069735e-01,-1.23999047e+00,
 -1.93739281e-01, 4.19484409e-01,-3.95877371e-02,-5.08589395e-01,
  7.61218260e-01, 7.01496348e-01, 7.72012915e-04, 3.47810003e-01,
 -1.65003512e+00,-1.01821227e+00, 2.91733545e-01,-1.61510263e+00,
 -5.77353477e-01, 2.24307188e-01,-1.45853027e-01,-4.28510991e-01,
 -2.80008876e-01, 8.23130245e-03,-7.88193434e-01, 7.25737507e-01,
 -4.22368840e-01, 2.55366909e-01, 5.92692282e-01,-1.37471331e+00,
  1.73507257e-01,-5.34816430e-01, 6.52307620e-01, 7.90060485e-01,
 -2.02761424e+00, 5.47770625e-01,-6.53978012e-01,-1.00016295e+00,
 -8.75948213e-01, 8.67061158e-01, 2.82760061e+00, 2.64916594e-01,
  5.59112267e-01,-6.11287174e-01,-5.32510164e-01, 3.65449778e-01,
 -4.31415182e-01,-1.11069040e-01,-6.24663513e-01,-3.61085738e-01,
 -1.11581402e+00,-4.45429309e-01,-6.55827996e-01,-7.08029575e-01,
 -9.57407249e-01,-9.77651431e-01,-6.34775150e-01,-3.64696881e-01,
 -5.43722556e-01, 7.99293201e-01, 3.11218317e-01,-1.43793449e-01,
 -8.98679078e-01, 8.83696728e-01,-6.47141535e-01, 7.85011034e-01,
  8.15846808e-02, 1.36559506e-01, 1.35398519e+00,-6.24595557e-01,
 -4.06008849e-01,-8.23768694e-01,-1.62119525e-01,-4.29687240e-01,
 -5.01624775e-02,-7.86214260e-01,-2.80785449e-01,-4.18350790e-01,
 -7.58655145e-01,-8.51941776e-01,-2.01333243e-01, 3.36564852e-01,
 -7.87155073e-01,-8.47255072e-01,-1.00792221e+00,-3.16344800e-01,
 -4.55931057e-01, 8.28439520e-01,-9.11866428e-01, 2.99208286e-01,
 -7.22140649e-01, 5.14570174e-01, 5.77967250e-01, 4.30913510e-01,
 -7.37745574e-01, 1.40940533e-01, 9.94534555e-01, 3.22451683e-01,
  6.78126893e-01,-1.93106781e-01, 8.33894557e-02, 1.00879268e-01,
 -9.21205142e-01, 4.71169030e-01, 2.88995664e-01,-4.40793679e-01,
 -6.42227293e-01,-5.97487978e-01,-1.07219303e-01, 6.95947592e-01,
  2.70238244e-01, 1.11439601e-01, 1.11562526e+00,-6.52401965e-01,
 -5.13298754e-01, 7.16738622e-01, 3.51532817e-01, 4.33703332e-01,
 -5.30102260e-01, 8.26160509e-02,-1.66963660e-01,-3.22526256e-01,
  1.05347236e+00,-9.80467570e-01, 2.53470956e+00, 5.29708623e-01]