NN SA lr=0.001 decay=.9

        1 layer, 4 hidden nodes  
        clip max  = 50 
        activation = relu 
        max iters = 1000
        learning rate = 0.001
    
train accuracy: 0.5743400355628505, 0.5722883326494324, 0.4335932157023663, 0.45862399124606756, 0.42648064560251675, 0.4296265900697579, 0.43208863356585964, 0.5404185473943373, 0.4766789768841472, 0.5447955136096293
train acc mean: 0.4888934482286965
train acc std: 0.05898640285927426
test accuracy: 0.5621156211562116, 0.5694956949569495, 0.4575645756457565, 0.4784747847478475, 0.4268142681426814, 0.4145141451414514, 0.43665436654366546, 0.5375153751537516, 0.45633456334563344, 0.5239852398523985
test acc mean: 0.4863468634686347
test acc std: 0.05445552151784001
loss: 0.7315987622995833, 0.6836350198967327, 0.9843373407751362, 0.8917066691015925, 1.2701397815118451, 1.39149625655538, 1.4856970026771945, 1.3394812810540049, 1.6065815736909845, 0.7695830474820353
fitted weights: 
 [-0.71814743,-0.54772899,-0.95206328,-0.81283606,-0.18976597,-0.4475497 ,
 -0.56309476,-0.20004199, 0.42085951, 0.57442578,-0.62444729,-0.33223364,
  0.53079444,-0.09820319, 0.60119885,-0.1297086 , 0.56300599,-0.70891195,
  0.46678059,-0.94938523,-0.01612375,-0.10367423,-0.79024523,-0.06195757,
 -0.11057951,-0.66488242, 0.82069083,-0.36525684,-0.029328  , 0.29451336,
 -0.22339273,-0.78141559,-0.42931115, 0.08248313,-0.081664  , 0.56323875,
 -0.51332926,-0.66188932,-0.68337517, 0.66705934,-0.7290003 ,-0.20346568,
 -1.00021836,-0.87925023,-0.3280445 , 0.51808052,-0.48174992,-0.00470711,
  0.22224284, 0.29126568,-0.33481724, 0.71276346, 0.32722593, 0.26372844,
 -0.09814917, 0.37670499, 0.32927379, 0.03179851, 0.00566798, 0.53741905,
 -0.87351382, 0.75733645, 0.32642439, 0.6388513 ,-0.16902785, 0.66527026,
  0.06589199,-0.61941277,-0.3736866 ,-0.16509283,-0.53895141, 0.22117242,
  0.1111569 , 0.90815308,-0.3368428 , 0.91345197,-0.69848201,-0.19360653,
  0.31883801,-0.24574296, 0.04396052,-0.58490252,-0.92432005, 0.38948425,
 -0.12428116,-0.64318605, 0.29685539,-0.21716733, 0.68606609, 0.97185734,
 -0.37875558,-0.5558237 , 0.52983765,-0.67961   , 0.60562974,-0.71382271,
 -0.04372428, 0.25533962, 0.47229898,-0.26543466,-0.45742536,-0.73161902,
  0.21225578,-0.62870823,-0.40626645,-0.34247481, 0.94614007, 0.05899271,
  0.78202731,-0.73496694,-0.16301423,-0.73802987,-0.00121979,-0.41907724,
 -0.12278614, 0.65741051, 0.04529298, 0.8129211 ,-0.22737927, 0.91131213,
 -0.34399801,-0.62458417,-0.89629815,-0.29972064,-0.43478593, 0.37735597,
 -0.39522176,-0.68143136, 0.91071869, 0.74674735,-0.26727068, 0.68614461,
 -0.30949771,-0.48298893, 0.12116898,-0.94323047, 0.34647429, 0.83052349,
  0.25824109,-0.12668035,-0.80041205, 0.6038137 , 0.64167636, 0.91347945,
  0.58003234, 0.15363833, 0.39875617,-0.16579059,-0.02401086, 0.83952719,
 -0.71732268, 0.92949721, 0.66707541, 0.98530348,-0.58568464, 0.16069848,
  0.07549316, 0.94094208, 0.34348428, 0.31195465,-0.38080483,-0.79190375,
 -0.52994259,-0.35467972, 0.16893892,-0.00954491,-0.47430882, 0.78556374,
 -0.11643457,-0.16542129, 0.73583411,-0.11977211, 0.68867313, 0.99278619,
  0.42256633, 0.7404667 ,-0.57375967, 0.72825715,-0.78740869, 0.15573321,
 -0.23186495, 0.42734821,-0.15970621,-0.56980451,-0.18347909,-0.37959617,
  0.48990906,-0.90620465,-0.53940491, 0.98302312, 0.59088079,-0.84491034,
  0.30687873,-0.25171483, 0.22272528,-0.50978917]
[ 0.8984069 , 0.98965057, 0.50364965, 0.97670099, 0.96815614,-0.4200326 ,
  0.12803059,-0.14663826, 0.36335221, 0.48594363,-0.74935996, 0.75974873,
 -0.02239002,-0.03263484,-0.40101786, 0.18473046,-0.29818985, 0.16422418,
 -0.17655494,-0.02201831,-0.18215644, 0.42712769, 0.38537378,-0.60848203,
  0.53725769, 0.23113003,-0.02697665, 0.34423242,-0.52404747, 0.90499834,
 -0.14356409,-0.56144358,-0.35836689, 0.71811662, 0.25431954, 0.81785934,
 -0.68085169,-0.10085541, 0.97608635,-0.90152225, 0.31458745, 0.18300259,
 -0.04279529, 0.30505032,-0.84133964,-0.8604322 ,-0.26040923, 0.24046627,
 -0.13974559,-0.8251812 , 0.51737228, 0.9349992 ,-0.21970614,-0.71174835,
  0.49345684,-0.5835874 , 0.02744111, 0.18233128, 0.04302395,-0.91705462,
  0.84076366,-0.74626639,-0.36887993, 0.14359775, 0.29632313,-0.94240978,
  0.37054795,-0.59875452,-0.63440831, 0.53290411,-0.51603639,-0.6119076 ,
 -0.61746668,-0.65944419,-0.22914789, 0.90906924,-0.03481914,-0.27062466,
 -0.7143522 ,-0.54989079, 0.82619018,-0.77110352, 0.64441923,-0.5770952 ,
  0.62268454,-0.83378735,-0.15487316,-0.56160422,-0.76483648, 0.11974384,
 -0.68892898, 0.52384046,-0.38725025, 0.9486301 , 0.68046531, 0.09953859,
  0.30045588,-0.44557616, 0.9083178 ,-0.66508642,-0.49821331, 0.57476741,
 -0.4466013 , 0.74594277,-0.61035923, 0.37586989, 0.46121725,-0.15257003,
 -0.20564889,-0.29552997,-0.81329578, 0.41939354,-0.49441909, 0.0663581 ,
 -0.0040889 , 0.91691569, 0.4532906 ,-0.01273575, 0.2056685 , 0.26898139,
 -0.08005317, 0.35098383, 0.33125288,-0.83526587,-0.81366895,-0.17358862,
  0.69903813, 0.99754894,-0.23944842, 0.98968763,-0.58021333, 0.06402753,
 -0.39444019,-0.64257636, 0.79080541, 0.73238784,-0.31076526,-0.32470841,
 -0.37734607,-0.58922701,-0.38658679, 0.45116626, 0.37155362,-0.23800703,
 -0.40393872,-0.99335904, 0.99865477,-0.86057167, 0.26851283,-0.51797789,
 -0.83317248, 0.84628669, 0.83127599, 0.13070017, 0.46544867,-0.13227703,
  0.70014304,-0.54632895, 0.87528969,-0.03350444, 0.33041918, 0.14807873,
 -0.60001085, 0.62425775,-0.02356698,-0.59953089, 0.61852437, 0.82260623,
 -0.30114355, 0.47840528, 0.14686034, 0.1274909 , 0.74391283,-0.97509241,
 -0.91783959, 0.98966133,-0.0463847 , 0.02504374, 0.71221687,-0.77260184,
 -0.14703108,-0.37353044,-0.33117161, 0.90347896, 0.11374243, 0.43978568,
 -0.73778505,-0.35301387,-0.48263795, 0.68031389, 0.99528391, 0.17889451,
 -0.13073925,-0.08723514,-0.13991916, 0.32213249]
[ 0.73516074, 0.66969636,-0.78931139, 0.78028924, 0.75306394, 0.76935531,
  0.78130654,-0.23818292, 0.60033418,-0.0365488 , 0.78192224,-0.88192213,
 -0.88179883,-0.93386867,-0.85639303,-0.03101587,-0.33607108,-0.24273632,
  0.23114031, 0.15134759,-0.55182478, 0.48821296, 0.14112674, 0.16028595,
 -0.40854678,-0.33870989, 0.42307375, 0.01988739, 0.57574999,-0.48957376,
 -0.47977815,-0.39307145, 0.31979048,-0.23427168, 0.95376856,-0.52447281,
 -0.78925097, 0.49825353, 0.73899448,-0.20017686, 0.2932133 , 0.44940179,
  0.73581999, 0.6973841 , 0.02518477,-0.28302734,-0.41726912,-0.88510264,
  0.32217181,-0.68599481, 0.55381606,-0.60443356,-0.62753287,-0.79474521,
 -0.90752478,-0.97279159, 0.8373356 ,-0.75084643,-0.25486318,-0.90515616,
 -0.03723039,-0.93442643,-0.16637169, 0.88248926,-0.22890699,-0.33260774,
 -0.67656496, 0.81567987, 0.94464274,-0.66478471, 0.55708354,-0.17959815,
 -0.05990353, 0.74407995,-0.7859239 ,-0.28742759,-0.53458765, 0.86581974,
  0.83941208, 0.26748803,-0.66521552,-0.58267605,-0.59888544,-0.89436346,
  0.49225688, 0.41494857,-0.20658488,-0.63044921, 0.51442203, 0.82299325,
 -0.28246623,-0.48592644, 0.55749715, 0.91773341, 0.82989793,-0.22048098,
  0.7238263 , 0.14934974, 0.91836743,-0.24049243, 0.20542788,-0.06584412,
  0.2828041 ,-0.99079595, 0.53751024,-0.70176527, 0.29850187,-0.32576359,
 -0.59036159, 0.20674875, 0.03019129,-0.30705327,-0.51575696, 0.3816104 ,
 -0.18403105,-0.80269623,-0.54955046, 0.8104932 ,-0.23969253, 0.17609251,
 -0.56453314,-0.82958316, 0.0618914 , 0.07538883, 0.71220676,-0.88811191,
  0.54178015,-0.18843546, 0.46532737, 0.39150989, 0.29103527,-0.68899617,
 -0.9010677 , 0.51303884,-0.93128683,-0.91940575,-0.43250649,-0.76275456,
 -0.49921427, 0.75400553,-0.10996538,-0.80373298, 0.62922916,-0.88887271,
  0.7800026 ,-0.30221897,-0.75542265,-0.35406025, 0.4871047 , 0.32937888,
 -0.83733958, 0.28230206,-0.49214331,-0.91894766, 0.33771579, 0.98224898,
 -0.85457439,-0.03852208, 0.62157141, 0.67592931, 0.63578691,-0.74269143,
 -0.28239956, 0.69670986, 0.60120956,-0.72840062,-0.56532134, 0.54281933,
 -0.76057754,-0.65325687,-0.32038413,-0.07589358, 0.03235209,-0.79053709,
 -0.99983503,-0.859408  ,-0.44583229, 0.96789761,-0.89150843, 0.9714487 ,
  0.10099773, 0.18345822, 0.18311031, 0.33865088,-0.98511686, 0.63159507,
 -0.60089956, 0.23742822, 0.01298126,-0.91261283,-0.50891236, 0.16402869,
  0.45437654,-0.79830693, 0.92459753,-0.54398206]
[ 0.11044175, 0.55483025, 0.72474128,-0.1379044 ,-0.62195005,-0.6862021 ,
  0.85969277,-0.72911818, 0.97706183, 0.5102425 ,-0.50231714,-0.54833572,
  0.98166189, 0.19344753, 0.31941646,-0.49882796,-0.55704179,-0.37706974,
 -0.19448937,-0.48493958,-0.33054132, 0.66156069,-0.12405128,-0.74614404,
  0.2536579 , 0.92956437, 0.50030403,-0.83770106, 0.77930422,-0.95779169,
 -0.9990712 ,-0.00822266, 0.66548894,-0.86455873,-0.9864422 , 0.67821552,
  0.4585951 , 0.21674296,-0.18179277,-0.69220745, 0.60918439,-0.26344859,
  0.41593123,-0.91492952,-0.55183358,-0.65348281, 0.9398788 , 0.66058019,
 -0.51195847, 0.75957112, 0.35897908,-0.53953032,-0.54655965,-0.09242324,
  0.31169215,-0.2605899 ,-0.73230825,-0.34523814,-0.73901983,-0.93692215,
 -0.5235795 , 0.05537645, 0.37834067,-0.31293886,-0.48860459, 0.67877628,
  0.76190627, 0.23865118, 0.86638257, 0.76830143, 0.46282277,-0.40999865,
 -0.31913381,-0.91541915, 0.32958523, 0.26953075,-0.97776277, 0.88668453,
 -0.39297767, 0.5468444 ,-0.34519695, 0.01125586, 0.10952852,-0.65472245,
 -0.00504646,-0.22564011, 0.60669561,-0.32545114, 0.17285938, 0.11856561,
  0.93647958,-0.41955131,-0.79355852,-0.66009188, 0.4181477 , 0.51503114,
  0.95643662, 0.60895419,-0.82834292, 0.26361511, 0.24640534, 0.89309466,
  0.15554233,-0.75307342,-0.15909164,-0.66211714, 0.13833495, 0.3549248 ,
 -0.19087498, 0.19023145, 0.32273796, 0.94285924,-0.67030607,-0.8266566 ,
  0.06823785,-0.67391697, 0.40054174, 0.72215568,-0.58636479,-0.50969227,
  0.33970987,-0.52445408,-0.43602967,-0.93703859,-0.79903974, 0.49910587,
  0.8611483 , 0.86682056, 0.58188542,-0.42195666, 0.85401195, 0.07372236,
  0.07336997, 0.1428078 , 0.6274194 , 0.93108509,-0.02090588, 0.46675162,
 -0.53997677, 0.41617669,-0.49759985, 0.93832612, 0.67512099,-0.18052188,
 -0.42690587,-0.88206109, 0.59656326, 0.55776252,-0.81963762, 0.75208144,
  0.67723866, 0.94063579,-0.66260898,-0.90134287,-0.46116991, 0.26260609,
  0.01970631, 0.45565697,-0.94677697,-0.86121413,-0.06088072, 0.57813533,
  0.8508599 ,-0.50559273, 0.6264882 ,-0.83391521, 0.14706881, 0.86296955,
  0.58799632, 0.93287658,-0.59088233,-0.5157599 ,-0.44070839, 0.53614891,
  0.30598841, 0.59681807,-0.00587714,-0.797734  ,-0.22958536, 0.98111465,
 -0.65362807,-0.62809011, 0.94646772,-0.5635197 , 0.47275417, 0.42091178,
  0.23659281, 0.59665652, 0.2173545 , 0.66544265,-0.84560044,-0.3573204 ,
 -0.93850673, 0.57897332,-0.61220972,-0.40830499]
[ 1.21328899e-01,-9.30685585e-01,-3.71548718e-01,-7.66742193e-01,
  8.78161280e-01, 8.84673087e-02,-9.25794951e-01,-2.29741105e-01,
 -7.41624156e-01,-2.74214545e-01, 8.64785155e-01, 5.85035301e-01,
  5.65736898e-01,-2.30145683e-01,-6.61067196e-01,-7.43087114e-01,
 -7.91300814e-01,-8.81308065e-01,-9.49480372e-01,-8.25784343e-01,
  1.06048956e-01, 7.73458312e-01,-9.29720602e-01, 7.78197748e-01,
  4.68171080e-01,-3.22090141e-01, 6.65909346e-01, 2.78913106e-01,
  4.44156791e-01, 7.87963635e-01,-8.21714041e-01, 6.65188144e-01,
  2.16979644e-02,-2.81526783e-01, 2.11117870e-01,-5.36050574e-01,
 -4.34104592e-01,-5.07530465e-01,-3.83345297e-01, 2.94253273e-01,
 -7.50369587e-01,-6.81959734e-02, 2.64534992e-01,-8.17769887e-01,
 -6.54710134e-01, 6.18772319e-01, 6.50200308e-01, 3.76354583e-01,
  2.63322113e-01,-1.56191024e-01,-5.00438475e-02, 3.53515160e-01,
  4.02493673e-02, 2.52481869e-02, 9.08819055e-01,-5.41262337e-01,
 -7.12853555e-01,-2.54358339e-01,-6.92211773e-01,-3.81775268e-02,
 -6.64604271e-01,-8.26745818e-03, 4.18885661e-01,-6.96019719e-01,
 -4.60841336e-01,-4.73063554e-03,-3.75036727e-01,-9.34773548e-01,
  4.96414419e-01, 5.17185099e-01, 3.60897731e-01, 6.07500116e-01,
  2.54451420e-01,-2.45289077e-01,-5.53820201e-01, 7.59595747e-01,
 -4.85219783e-02,-3.57174723e-01, 8.63097912e-01, 3.45581420e-01,
  6.54549360e-02,-1.44201574e-01, 1.36338189e-01,-7.04549843e-01,
  7.11633388e-01, 1.68605339e-02, 8.37619637e-02, 3.95614456e-01,
  5.08665705e-04,-2.40693720e-01, 5.76868226e-01,-3.93745020e-01,
  9.52715940e-02, 4.58116065e-01, 4.27728319e-01, 4.03580222e-01,
  9.93684037e-01, 6.61673585e-01, 4.24190865e-01, 9.57390783e-01,
  3.39619391e-01, 7.24914507e-01, 2.14056733e-01, 1.62989657e-03,
 -2.59565065e-01,-9.35025401e-01, 3.95366317e-01,-2.01070539e-01,
 -3.77331989e-01, 1.62583031e-01,-4.77279641e-01, 7.95354463e-01,
 -6.97912506e-02, 7.13582379e-02,-8.05009939e-01, 8.40581142e-02,
 -5.56211465e-01, 3.08945941e-01, 2.61757206e-01, 3.26654617e-01,
  5.77885491e-01, 6.83430977e-01,-2.54805509e-02,-5.13088566e-01,
 -6.02548011e-02,-2.20107679e-01, 5.17244622e-01, 8.75270676e-01,
  4.04144876e-01, 3.03625957e-01, 6.94468354e-01, 5.14887523e-02,
 -5.45802885e-01, 8.64344557e-01,-2.60589675e-01, 6.21466987e-01,
  7.34170194e-01, 9.78050115e-01,-9.97965514e-01,-5.58690803e-01,
 -7.94888612e-01, 3.13937507e-01, 5.83712952e-02,-6.28768099e-01,
  4.76860312e-01, 9.99418124e-01, 8.37065092e-01,-6.12905692e-01,
  4.13221051e-01, 3.34501586e-01, 2.39698911e-01,-9.81494872e-01,
  3.80073715e-02,-6.75486253e-01,-9.48876956e-01, 4.90916097e-01,
 -3.91744890e-02,-2.91078390e-01, 8.19135270e-01, 7.23664829e-01,
  2.82918425e-01,-5.73302306e-01,-3.13824569e-02,-2.32486218e-02,
  9.21292438e-01, 8.92172965e-01, 4.43623765e-01, 6.35501669e-01,
 -9.52954495e-01,-5.88703881e-01,-3.89263590e-01,-6.78885231e-01,
 -6.45970519e-03,-4.52711147e-01, 9.66662713e-01,-3.83394763e-01,
 -9.57933413e-01,-1.31919865e-01, 8.69699458e-01, 9.29559268e-01,
 -8.47619713e-01, 3.29229034e-01, 5.43242686e-01, 9.07057165e-01,
 -5.15226818e-01, 9.78394981e-01,-2.12538497e-01, 4.60114461e-01,
 -4.25136174e-01,-3.87531123e-01,-7.50906911e-01,-6.63466883e-02,
  3.36735790e-01, 9.31682291e-01,-4.88192769e-01, 8.43236540e-01]
[-1.87251684e-01, 7.78927660e-01,-5.11562706e-01,-2.86256339e-01,
  6.11703901e-01,-2.20046309e-01, 4.49521561e-01, 4.87960668e-01,
 -1.74422301e-01,-1.00276393e-01,-9.16841373e-01,-2.97143281e-01,
 -1.68796318e-01, 9.72327684e-01,-3.22308756e-02,-3.20280225e-02,
  6.70771478e-01, 2.38624091e-01, 8.41612288e-01, 8.63037727e-01,
 -8.97389466e-01,-5.23108818e-01, 6.64666775e-01,-2.13584162e-01,
  5.44804664e-01, 7.86877823e-01, 7.24001480e-01, 8.32779510e-01,
 -7.92759218e-01,-2.57369321e-01,-7.47829077e-01, 1.65376846e-01,
  7.79414550e-01, 6.55224141e-01, 8.49687571e-01,-5.58731954e-01,
  5.97011283e-01, 1.35969265e-03,-6.26234892e-01,-2.31513971e-01,
 -1.86352087e-01,-7.76371535e-01, 2.02514833e-01,-6.46684204e-01,
 -6.12091059e-01,-2.42917556e-01, 2.67834326e-01, 4.27824967e-01,
 -3.74442224e-01,-4.05506703e-01,-3.26312380e-02, 9.50060240e-01,
  6.74211127e-01,-2.28928434e-01, 8.89942272e-01, 9.03923076e-01,
 -2.27167664e-01, 8.95878108e-01,-6.71605453e-01,-9.53199513e-01,
 -6.63445518e-01,-1.17829773e-01,-6.10721518e-01, 1.42227606e-01,
  3.45854685e-01, 1.92913767e-01,-7.89363557e-01, 3.47750006e-01,
 -9.06541847e-01, 9.53127489e-01, 8.08028448e-01,-3.69876883e-01,
  4.79767679e-01, 3.39749085e-01,-7.83193266e-01,-1.22700605e-01,
  1.90069282e-02,-5.90588425e-01, 3.35480490e-01,-4.73087308e-01,
 -5.12547625e-02,-6.13031266e-02, 7.58629906e-01, 5.05518957e-02,
  6.87525519e-01,-6.99813936e-01,-8.60990080e-01, 2.04214286e-01,
 -8.05092773e-01,-1.75518489e-01,-2.77845726e-01,-9.89718058e-01,
  7.57377902e-01,-3.40231841e-01,-8.24156521e-01,-8.45037054e-01,
 -5.06701354e-01, 2.43373299e-01, 8.47520414e-01, 6.34303175e-01,
 -6.96086753e-01, 8.10248373e-01,-9.99972270e-01, 5.01498760e-01,
  3.80690811e-01, 2.07396870e-01, 6.25402248e-01, 7.73673097e-01,
 -1.69800688e-01,-8.79669777e-01,-8.72415472e-01,-2.68385418e-01,
  7.59579355e-01,-9.59187165e-01,-5.59164613e-02, 5.60297548e-01,
  1.04238181e-01,-6.83213482e-01, 3.79995226e-01, 9.40231991e-01,
  2.93873870e-01, 9.36091960e-01,-3.15826400e-01, 2.36606757e-01,
  9.23886587e-01,-3.46815282e-01,-3.72695556e-01, 9.69666755e-01,
 -5.80719627e-01,-3.38355476e-02,-3.62428464e-01,-8.88431555e-01,
  9.66743029e-01, 9.07798424e-01, 6.31265558e-01,-1.92189791e-01,
  9.02522263e-01,-3.84392676e-01, 6.90409279e-01, 5.09643557e-01,
  5.69735348e-01,-1.78840714e-01, 1.66377796e-01, 3.47604871e-02,
  1.10401334e-01,-3.73604521e-04, 8.89299651e-02, 5.00635798e-01,
 -3.68827055e-02,-9.74818954e-01,-5.58820418e-01,-8.91115828e-01,
 -8.13949545e-01, 7.88184698e-01,-6.06542374e-01,-6.00686619e-01,
 -9.92087729e-02,-7.03699396e-01,-9.83183195e-01, 1.65421918e-01,
  4.39260389e-02,-9.84393235e-01,-8.82285649e-01, 5.84595278e-02,
 -1.65696496e-01, 2.20083792e-01,-5.11795710e-01,-1.97248095e-01,
  7.51723118e-01, 4.29918547e-01,-2.07373287e-01,-3.03793273e-01,
 -8.39704139e-02,-2.21785075e-01, 4.72849035e-01, 5.93537277e-02,
  9.48337722e-01,-4.25790010e-01, 1.02436657e-01,-9.40939432e-01,
 -3.25160876e-01, 1.29986451e-01, 1.61791736e-01,-8.16965884e-01,
 -9.86095413e-01,-9.04289349e-01, 8.71779739e-01,-9.21575183e-01,
 -5.90178691e-02, 2.48308341e-01,-5.40054572e-01, 1.54053963e-01,
  7.54620627e-01, 5.29064676e-01,-2.91854888e-02, 2.61911607e-01]
[ 0.05107897,-0.55019071,-0.22531334, 0.42800234, 0.17309257,-0.459931  ,
  0.2387337 , 0.50436499,-0.05021342,-0.99328781,-0.99100282, 0.86963077,
  0.50453568, 0.84356987, 0.31272308, 0.63897316, 0.59088225,-0.96900504,
  0.37781343, 0.15521406,-0.11820106, 0.52884679,-0.07893482, 0.48624124,
 -0.13420195,-0.78032869,-0.47069844,-0.20229503,-0.58277945,-0.71300051,
 -0.69318347,-0.43172814,-0.34290106, 0.38537323, 0.17778508, 0.44110411,
  0.33092494, 0.98327352, 0.29913342,-0.23500185, 0.46312527,-0.74167423,
  0.15046476, 0.64716879,-0.01235995, 0.20986387, 0.95808977, 0.23565951,
  0.46617114, 0.78553665, 0.6267963 ,-0.72141326, 0.51561584,-0.47030189,
  0.30714306, 0.22105645,-0.1918987 ,-0.68746171, 0.86641667, 0.38166215,
  0.69116925, 0.25796852,-0.5496473 ,-0.10036718,-0.20349468,-0.89739084,
  0.26127705,-0.85293282, 0.62224705, 0.33394261,-0.44130235, 0.17638302,
  0.79945787,-0.90923556, 0.59984938,-0.00117601,-0.56039445, 0.71854178,
  0.45708368,-0.9771251 , 0.48730326,-0.94549701, 0.61418317,-0.21797692,
 -0.82916675,-0.16459275,-0.6136403 ,-0.530436  , 0.12439093,-0.29417043,
 -0.66732874,-0.35579052, 0.5762962 ,-0.44534326, 0.01742447, 0.88959328,
  0.72219694, 0.7389896 , 0.09026062,-0.85296175, 0.80867312, 0.32758768,
 -0.67513427,-0.65480772, 0.46733838,-0.37334175, 0.65594621, 0.04050304,
  0.68155291,-0.25160355, 0.76767147, 0.15009755, 0.29935819, 0.85940114,
  0.68327354, 0.32179222,-0.06934558,-0.24557787, 0.32420353, 0.81393625,
  0.31158114, 0.26105337,-0.44111007, 0.12279286, 0.40837702, 0.15376216,
 -0.95285715, 0.14141925, 0.65948139, 0.3005326 ,-0.41725539, 0.92358528,
 -0.47761982, 0.17530081,-0.46847007,-0.48742675,-0.65259029, 0.22638773,
 -0.40546405,-0.65776636,-0.34890922,-0.16848964, 0.86703282,-0.44844777,
 -0.18235846,-0.28808671,-0.44017387,-0.72972458, 0.69336235,-0.12355259,
  0.1913346 ,-0.94173282,-0.51483007, 0.12963024, 0.7558575 , 0.66231877,
  0.69720304,-0.40825076, 0.83757404,-0.61185866, 0.06300718,-0.22631431,
  0.79806812, 0.76803271,-0.33226933,-0.68566315,-0.0517577 , 0.90216274,
 -0.96927398, 0.19698152,-0.6860767 , 0.03607247, 0.25840428,-0.25138968,
  0.14701667,-0.54877049,-0.81553596,-0.30606608,-0.97800017, 0.65661471,
 -0.96277169,-0.96259133,-0.40643676, 0.86852908,-0.30507226, 0.24789312,
  0.32828023,-0.0855718 , 0.92832597,-0.41320771, 0.90960401, 0.0934026 ,
  0.33443266,-0.72311254, 0.4690603 ,-0.43807454]
[ 2.62725220e-01, 4.01881984e-01, 2.21234180e-01, 6.42002051e-01,
 -7.01062722e-01, 1.67054176e-01, 3.61613822e-01, 6.01708639e-01,
 -2.85913518e-02, 6.40513812e-01, 4.36380121e-01,-1.98688711e-01,
 -8.16329581e-04,-5.54203527e-01,-4.88042943e-01,-1.21914713e-01,
  8.56849677e-01,-1.93080141e-01, 7.16484119e-01,-2.49206940e-01,
  2.33369696e-01, 9.42478191e-01,-5.60620649e-01,-6.19617308e-01,
  8.19413277e-01, 8.42147117e-01, 1.17112872e-01, 5.67970439e-01,
 -5.68127026e-01, 4.26984073e-01,-5.51081930e-01,-3.12354323e-01,
 -2.61270031e-01,-3.21417117e-01,-1.90477148e-01, 8.62557356e-01,
  9.92407585e-01, 2.88726026e-01,-2.68666471e-01, 1.97266470e-01,
  5.86521116e-01, 4.36604390e-01, 6.49829926e-01,-3.45038187e-01,
 -4.24080197e-03,-1.20324433e-01, 2.77540878e-01,-4.48899615e-01,
  2.50827024e-01,-1.37748880e-01,-8.74031711e-01,-8.13789046e-01,
  3.67562010e-01,-4.61961329e-01, 7.35014877e-01, 5.78072240e-01,
 -7.17635071e-01,-6.88890872e-01, 1.48525309e-02,-6.89233463e-01,
  3.91851502e-01,-4.59315754e-01, 8.53788829e-01,-8.63840634e-01,
 -5.87324017e-01, 3.91568436e-01, 5.86037433e-01,-6.33692687e-01,
 -8.07846615e-01,-3.55967809e-01, 9.94094395e-01,-8.71541777e-01,
 -1.03759691e-01, 9.37896658e-01,-1.71115486e-01,-5.38710209e-02,
  7.61248720e-01, 4.22559017e-01,-4.72090968e-01,-4.44040364e-01,
 -1.62296224e-01,-6.38179156e-01,-9.35350616e-01, 7.12342031e-01,
  8.57241552e-01,-8.36510826e-01, 4.56272320e-01, 8.73083909e-01,
  7.47359706e-01, 9.74691378e-01,-8.29758224e-01, 8.31069379e-01,
 -9.86996109e-01, 7.80001798e-01,-3.35459203e-01, 9.46273000e-02,
 -3.71517801e-01, 5.63076955e-01,-8.93991543e-02,-3.84334308e-03,
 -7.32526021e-02,-2.17751015e-01, 9.61855539e-01, 4.29135971e-02,
  2.76630320e-01, 2.46649710e-01, 5.73248162e-02,-6.32679478e-01,
  1.26206728e-03, 2.63646784e-01,-4.97879990e-01,-4.30940588e-01,
 -7.19396797e-01,-4.00395454e-01,-8.64431976e-01,-6.99887313e-01,
 -2.79543511e-01, 2.23090430e-01, 4.04447574e-01, 9.25787526e-01,
 -7.58848667e-01, 8.42171113e-01,-2.06255551e-01,-5.88576685e-01,
 -4.15035226e-01,-9.85938268e-01,-1.79777414e-01, 7.32137776e-01,
  1.33570076e-02, 8.05379338e-01, 8.19425218e-01,-2.07090078e-01,
  9.71270230e-01, 1.85073463e-01,-1.55943503e-02,-2.91700172e-01,
  1.57102311e-01, 4.08667137e-01, 6.67158314e-01, 8.90081776e-01,
  1.17122551e-01, 4.73426403e-01, 1.25614907e-01,-4.80645528e-01,
  2.33418203e-01,-8.98175192e-01,-4.98992740e-01, 4.71348607e-01,
 -2.18535162e-01, 3.13585529e-01,-2.33618689e-02, 9.03465146e-01,
 -2.56338368e-01, 2.77237090e-01, 3.44309473e-01,-2.97703132e-02,
 -7.54154642e-01,-9.79204292e-02,-8.68676538e-01, 1.71121369e-01,
  8.64696890e-01, 1.05826245e-01,-7.97407226e-02,-1.48774833e-01,
  6.29880690e-01, 6.81517464e-01,-3.12354147e-01, 6.97570755e-02,
 -9.29303713e-01,-3.98590716e-01,-7.19841618e-01, 9.11355589e-01,
 -6.94449010e-01,-1.62734262e-01,-8.83321590e-01,-3.29044967e-01,
 -4.64134015e-01,-8.46371170e-01,-4.60338976e-01,-5.19039694e-01,
  6.06873788e-01,-8.52644057e-01,-5.35890533e-01,-6.41297587e-01,
 -5.34589592e-01, 5.90978902e-01, 6.78238387e-01,-3.09322298e-01,
  5.65517494e-01, 6.98833972e-01, 3.32939516e-01, 8.17334058e-01,
 -7.99320512e-01,-5.87571652e-01, 6.33610157e-01, 1.08249917e-01]
[-0.7678167 , 0.57588644,-0.69175693, 0.83066597,-0.50146301, 0.55813233,
  0.62046637, 0.51375772, 0.18802573,-0.57014248,-0.2609404 , 0.26008701,
  0.6060439 , 0.99765755,-0.78527975,-0.69393909, 0.00517022,-0.42596834,
 -0.26791299, 0.96199657, 0.24518911, 0.87329003, 0.51069853, 0.63620312,
  0.66197745, 0.06460041,-0.27452739,-0.08388373,-0.73521337,-0.19703647,
 -0.00362145,-0.36857683, 0.57880308, 0.93585389, 0.19818548,-0.361986  ,
  0.98070668,-0.40348424, 0.52168858,-0.08490618,-0.5688035 , 0.60537576,
  0.93710696,-0.96514979, 0.7447023 , 0.94794852, 0.51136368, 0.19979132,
 -0.7407096 ,-0.03175178, 0.63275455,-0.97575426,-0.66420006, 0.78454925,
  0.72413671, 0.76782446,-0.4488131 , 0.7048065 , 0.26139566,-0.96539114,
  0.34875156,-0.15931411,-0.8830076 , 0.07043762, 0.66063384,-0.56366972,
  0.25903582, 0.78080651, 0.56823441, 0.5187298 , 0.66158153, 0.12212069,
  0.64422313,-0.80532214, 0.50620268,-0.480924  , 0.32231348, 0.41771872,
 -0.50210007,-0.82950415,-0.4195341 ,-0.55569825, 0.71594651, 0.49315859,
  0.60248326,-0.32089627, 0.32353224,-0.00341991, 0.72803211,-0.57511747,
 -0.18042786, 0.82420622, 0.542252  , 0.17176358, 0.1438117 , 0.45357308,
  0.43436962,-0.52774449,-0.38146656, 0.65818962, 0.96848393, 0.02149298,
 -0.33658691, 0.58130299,-0.96163201, 0.26614037, 0.44964367, 0.56193558,
 -0.67861056,-0.19880489,-0.89241101,-0.87609263,-0.55469411,-0.05348122,
  0.79402794, 0.52070197,-0.59489376,-0.82044655, 0.5804965 ,-0.23282745,
  0.68698932,-0.88124131,-0.58001126,-0.61186701,-0.34623778,-0.9224094 ,
  0.855914  ,-0.55544558,-0.24046469,-0.74796911, 0.42933034, 0.33689768,
 -0.08372983, 0.71125785, 0.53895287,-0.5899371 , 0.71437769, 0.32023749,
  0.19566225,-0.57252384, 0.93290984, 0.79911707,-0.24053146, 0.51325083,
 -0.67040196, 0.70250292,-0.19044719,-0.68239365, 0.82763385,-0.60765867,
  0.37285794, 0.4168382 , 0.13821215, 0.71342273, 0.48837204,-0.91861821,
  0.91237076,-0.19817946,-0.71436365,-0.11708165, 0.27599008, 0.18028272,
 -0.38843485, 0.41671049, 0.48374813, 0.10281171, 0.93517228,-0.86344852,
  0.3597916 , 0.03604923,-0.24708509,-0.49770099, 0.02883887, 0.47117064,
 -0.01437079,-0.15404836, 0.78354452, 0.04803636, 0.35546725, 0.61191198,
 -0.79679323, 0.92885483,-0.540761  ,-0.70353165, 0.08031087,-0.99144792,
 -0.02709191,-0.17274879, 0.39379717, 0.91394721, 0.46072514,-0.01490106,
 -0.55369176,-0.75306532, 0.97093504, 0.78466673]
[-4.87543441e-01,-6.32974935e-01, 4.72485618e-01, 9.42316276e-03,
 -4.57001574e-01, 4.14824835e-01, 4.25902105e-01, 6.99911949e-01,
 -8.53058332e-01, 6.13053600e-01, 6.76591407e-01,-5.64677234e-01,
  4.19145191e-01, 9.31745054e-02, 1.55836038e-01, 9.98903284e-01,
  9.65576653e-01, 2.47021970e-01,-7.68165819e-02, 9.26580420e-02,
 -4.46540991e-01,-8.30771739e-01,-2.29813484e-01, 8.59917190e-01,
 -4.45446952e-01,-5.92121844e-01, 1.77363070e-01, 3.55247557e-04,
 -7.00856929e-01, 8.64291789e-01, 1.44167558e-02, 3.95672411e-01,
 -8.76920357e-01, 1.00066149e+00,-3.34197695e-01, 7.84527003e-01,
 -6.88460080e-01, 1.07757542e-01,-7.07515353e-01,-3.62774898e-01,
 -7.46751195e-01, 9.87369068e-01, 8.03375777e-01,-6.26703564e-01,
  1.72930899e-01, 6.24281203e-01,-5.34501625e-01,-3.91170748e-02,
 -1.76217081e-01, 5.85780000e-01,-6.14824423e-01, 7.94947489e-01,
  8.30307894e-01, 9.65835076e-01, 1.57213333e-01, 9.16457181e-01,
 -6.16428986e-01,-7.58439045e-01,-2.91875325e-01,-1.41058719e-01,
 -2.79056610e-01,-7.95110790e-01,-8.13133409e-01,-9.40363691e-01,
  8.90169921e-01, 1.11216151e-01,-1.72149396e-01, 2.44730826e-01,
  2.98918284e-01, 8.29262480e-01, 4.15743965e-01, 9.05143067e-01,
  1.91229099e-01, 5.91267416e-01, 9.23843593e-01, 4.11345728e-01,
 -1.23157813e-01,-2.83352663e-02, 7.72680858e-01,-5.55648057e-01,
  6.10557481e-01, 2.46276080e-01,-9.33645695e-01, 2.46539424e-01,
  8.19524182e-01,-6.41305130e-01,-4.90368972e-01,-7.47523904e-01,
  1.43144383e-01, 2.43703642e-01,-7.83640141e-02, 5.41372969e-01,
  3.48830949e-01, 3.78970907e-01, 1.30675741e-01,-2.17324697e-01,
  4.93715533e-01, 6.44499271e-01, 3.28264793e-02, 5.67874151e-01,
 -5.16075424e-01,-2.88881131e-01, 8.00521276e-01, 6.18966836e-01,
  2.67085856e-02, 1.24391892e-01, 6.77509414e-01, 8.69542429e-01,
  3.96151955e-01, 8.03525744e-01, 4.04295004e-01,-6.48762583e-01,
 -3.96433083e-01, 1.02476493e-01,-4.67624066e-01,-1.28382689e-01,
 -7.53874500e-01, 6.83696648e-01,-8.08267716e-01,-9.55279588e-01,
 -6.17616537e-01,-1.39714634e-01, 3.96279920e-02,-3.58050129e-01,
  5.67800898e-02,-8.02334042e-01, 2.28453652e-01, 6.24117822e-01,
 -5.29931589e-01,-7.92724176e-01, 7.49265356e-01,-5.96544874e-01,
 -3.47694931e-01,-1.44243312e-01,-4.75587632e-01,-5.93951417e-01,
 -8.30694870e-01, 1.25463959e-01,-7.82300714e-01, 1.75092816e-01,
 -8.10623282e-01, 4.11396356e-01,-6.74065024e-01, 4.80864281e-01,
 -9.91842429e-01,-8.67320733e-01,-3.91575084e-01, 8.92124175e-01,
 -9.31979234e-01,-3.94805890e-01,-1.43326441e-01,-4.61054935e-01,
  9.83243836e-01,-9.53397669e-01,-3.05596166e-02, 3.06206477e-01,
 -9.19244254e-01, 6.94545999e-01, 1.17146331e-01, 8.91249917e-01,
  5.39289315e-01,-4.96492921e-01, 8.51967752e-01, 2.52927462e-01,
 -8.26795457e-01, 9.54807284e-01, 2.76951380e-02,-4.26205377e-01,
 -1.40048901e-01,-6.75652768e-02,-7.16654943e-01,-9.44645582e-01,
  2.15815360e-02, 9.09139652e-01,-7.60150892e-01,-7.09332636e-01,
  7.33744072e-01, 6.45353836e-01,-2.96461726e-01, 5.13873149e-01,
  7.29783285e-01, 5.14290956e-01, 1.37595756e-01, 2.07129399e-01,
 -8.48843817e-01,-7.03947408e-01, 8.90228344e-01, 5.00001284e-01,
 -3.79541733e-01, 2.36462846e-01,-5.50295691e-01,-7.91149732e-01,
 -9.16757393e-01, 6.62784799e-01, 1.26319908e-01,-8.62889212e-01]