NN SA lr=0.0001 decay=.9

        1 layer, 4 hidden nodes  
        clip max  = 50 
        activation = relu 
        max iters = 1000
        learning rate = 0.0001
    
train accuracy: 0.47052386814389274, 0.5761181780878128, 0.424018602106415, 0.4935029407741759, 0.43154151278894815, 0.46163315551908085, 0.5452058541923129, 0.42497606346601013, 0.5647654219668992, 0.4319518533716318
train acc mean: 0.48242374504171803
train acc std: 0.056608132172450636
test accuracy: 0.4747847478474785, 0.5768757687576875, 0.4403444034440344, 0.5006150061500615, 0.44157441574415746, 0.4575645756457565, 0.5362853628536285, 0.43296432964329645, 0.5854858548585485, 0.45510455104551045
test acc mean: 0.49015990159901596
test acc std: 0.05429985390576879
loss: 1.417330043322199, 0.9418077175362272, 0.8794999622371896, 1.0638076463098605, 1.0040707888614293, 0.8161589802274202, 1.0935486204545461, 1.5366252295234533, 1.4457572464219013, 2.119760780383534
fitted weights: 
 [-3.39947109e-01, 1.65944564e-01, 3.02928048e-01, 8.16947011e-01,
 -7.85225698e-01, 5.67006206e-01, 5.25455946e-01,-4.98137403e-01,
 -7.82586172e-01,-2.75914429e-01, 9.64151320e-01, 3.24362264e-01,
 -9.57472505e-02, 3.67927423e-01, 8.20577668e-01,-4.87962328e-01,
 -4.88604211e-02, 9.40044238e-01, 8.42839277e-01,-1.07767708e-01,
  9.69991268e-01, 9.91459936e-01,-5.81599533e-01,-5.73656874e-01,
  7.41304251e-01,-8.62287598e-01,-2.31098379e-01, 7.86640446e-01,
  9.14637897e-02, 1.59832461e-01, 7.06505132e-01,-3.97588273e-01,
 -9.24774030e-01,-8.28299596e-01, 6.11334605e-02, 8.33890331e-01,
 -6.78875932e-01,-8.76161502e-01, 9.36050875e-01, 8.63291786e-01,
 -8.78595412e-02, 8.87640234e-01,-9.65831267e-01, 5.69870853e-02,
  6.67789362e-01,-1.54804040e-02,-9.53258390e-01,-3.75418379e-01,
 -9.85046011e-01, 5.86783095e-01, 8.78265986e-01,-4.35360936e-01,
  9.05653548e-02,-2.49823702e-01, 1.82504703e-01, 5.90408030e-01,
  6.13120395e-01, 8.37774117e-01, 2.48461534e-01,-2.55436287e-01,
  7.56568728e-02, 1.05610316e-01,-5.58717864e-01, 9.94871240e-01,
  6.92631111e-01,-6.05870653e-01, 8.62462186e-01, 9.48906440e-01,
  8.16747527e-01,-8.70099033e-01, 4.61433720e-01, 8.16962314e-01,
  9.65241326e-01,-9.79274101e-01, 5.38476046e-01,-6.53469664e-01,
 -9.07199046e-01,-1.07953415e-01,-7.79854576e-01, 6.99062883e-01,
  5.32199984e-01, 1.62624722e-01,-8.53422318e-01, 3.36261694e-01,
  5.27501588e-02, 2.81785758e-01, 8.39770414e-01,-8.15359671e-03,
 -3.53543262e-01, 3.06465207e-01, 7.42081658e-01, 8.36472263e-01,
  9.04001474e-01,-3.27325894e-01,-9.68378007e-01,-2.60250084e-01,
  7.72526366e-01,-1.01258555e-01,-8.90618312e-01, 6.01212846e-01,
  8.39668698e-01, 4.18609356e-01,-5.22440231e-01, 1.81485441e-01,
  7.19919463e-01,-4.42191951e-01,-5.96706006e-01, 1.57725122e-01,
 -7.47106439e-01, 8.70170102e-01,-2.15056573e-01,-4.30000131e-01,
  9.71458261e-01,-5.24320227e-01, 3.61392912e-05,-9.22674152e-01,
  6.29142262e-01,-7.57253708e-01, 1.52772124e-01,-5.75482062e-01,
  3.12320367e-01,-1.17996037e-01,-7.25312189e-01,-6.70099613e-01,
 -5.24752122e-01,-7.56021821e-01, 5.40229888e-01, 9.29432688e-01,
 -5.06022731e-01, 5.85037917e-01,-9.45595369e-01, 8.55402833e-01,
 -5.28165149e-01, 6.27800630e-01,-3.64360017e-01,-8.67486459e-01,
 -3.31387993e-01, 4.10228605e-01, 7.35003778e-01,-8.65149395e-01,
  4.27717468e-01,-6.33467579e-01, 4.09740167e-01, 2.24290440e-01,
  6.44439533e-01, 7.23789870e-01, 5.55762875e-01,-2.12077546e-01,
 -6.20355568e-01,-5.29035226e-01,-5.06899101e-01, 4.01736794e-01,
  6.69683460e-01,-6.72204475e-01,-3.79736744e-01,-6.34543281e-01,
  2.62284779e-01, 4.47718620e-01, 4.94554093e-01,-5.85383900e-01,
  2.91054164e-01, 1.95932024e-01,-8.16709194e-01,-7.44677933e-01,
  9.17435928e-01, 9.77265909e-01, 4.08426529e-01, 9.96467993e-01,
 -8.73674050e-01, 8.93955387e-01,-4.90495108e-01,-1.58628290e-01,
  3.43058237e-01, 3.69080241e-01,-8.80404324e-02,-9.75027420e-01,
 -3.43697801e-01, 7.18277992e-01, 8.72852591e-02,-9.84351140e-01,
  8.91043482e-01, 1.55580912e-01, 4.90632927e-01,-2.67200894e-02,
  5.58252044e-01,-5.01170241e-01, 8.96124685e-01, 9.75098223e-01,
  2.02452170e-01, 9.50954847e-01, 4.70630798e-01, 6.74683492e-01,
  4.09682747e-01,-9.07844709e-01, 2.77254652e-01, 6.95986243e-01]
[ 0.17910918,-0.68847534,-0.72319858,-0.97404076,-0.78426511,-0.55689401,
 -0.70389306,-0.18622977, 0.6014728 ,-0.33423632,-0.97305937,-0.40603993,
  0.46967745,-0.96729803,-0.84054704, 0.68087087,-0.05043317, 0.44423629,
  0.85267413, 0.6473069 ,-0.51848527, 0.95145589,-0.4002137 ,-0.44323959,
 -0.86980488, 0.49104051, 0.54349671,-0.91980102, 0.4278418 , 0.8130613 ,
 -0.58447277,-0.0056503 ,-0.09191754,-0.14007077, 0.18558014,-0.10542953,
  0.40444698,-0.46509292, 0.25218419, 0.06119448,-0.04507997, 0.75560425,
  0.81807458,-0.44271085,-0.39735676, 0.94725594, 0.99988785, 0.65831948,
 -0.06628207,-0.02872927,-0.96869853, 0.78623759, 0.51880036, 0.3257399 ,
 -0.55497125, 0.64434984,-0.83305723, 0.45062897, 0.74562857, 0.50808123,
 -0.54720832, 0.09858383, 0.85836443,-0.75575906,-0.68073848,-0.15506819,
  0.67085723,-0.55134544,-0.04778718, 0.14484868,-0.20185065,-0.26193268,
 -0.85778799,-0.57520685, 0.77229676, 0.12461062, 0.36526585,-0.17091756,
 -0.83285014, 0.88153876,-0.57404412, 0.83109858,-0.42172305, 0.5166475 ,
 -0.57167365,-0.71254718,-0.90322528, 0.16002945, 0.96252387, 0.77862223,
  0.66722979, 0.88027561,-0.86731324, 0.84185903, 0.29846011, 0.40944508,
  0.41910407,-0.4754763 , 0.39244697, 0.59820454, 0.98260713, 0.74181677,
  0.7917497 ,-0.82160156,-0.81852519,-0.68260914, 0.05341369, 0.37680366,
  0.83629146, 0.20836438, 0.16563353, 0.09815686,-0.76187731, 0.04791551,
 -0.21280014, 0.20825253, 0.57988018,-0.89697142,-0.88441562,-0.97232573,
 -0.12726253, 0.35314958,-0.82169257,-0.07130472, 0.24069102,-0.22323162,
  0.92160072, 0.96346186, 0.15930769,-0.08056158,-0.45801435, 0.14481942,
 -0.51317279, 0.21415045,-0.93878452,-0.49834851, 0.90112786, 0.23829968,
  0.53497284, 0.40553246, 0.80196199,-0.23799519, 0.64554795,-0.25081671,
 -0.63158818, 0.98999804, 0.96244337,-0.89384211,-0.11131383, 0.24495032,
  0.5295127 , 0.74985928,-0.27939558, 0.80780527,-0.96213666, 0.16884624,
  0.33322452, 0.09585876, 0.41286224, 0.70875219, 0.9075283 , 0.59353787,
  0.39325988, 0.09113928, 0.32032922, 0.89643094,-0.04690222, 0.09775414,
  0.37698522,-0.11767846,-0.05983873, 0.18157952, 0.9798935 , 0.74868215,
  0.76781688, 0.8163936 ,-0.61681414, 0.36955772, 0.84160256, 0.45260173,
 -0.34567396, 0.69152371,-0.36303541, 0.24142456,-0.7820551 ,-0.69381699,
  0.20738109, 0.60278845,-0.14210092, 0.38556274, 0.35033509, 0.67744422,
 -0.7373791 ,-0.75976812, 0.06250893,-0.57807591]
[-2.83957307e-01, 8.59682815e-01,-5.05233784e-01, 9.43497116e-01,
 -7.97756440e-01, 6.77533401e-01,-7.16877518e-01, 5.27284228e-01,
  8.17150810e-01, 7.77242779e-01, 9.17915704e-01, 6.20426304e-02,
 -8.79988881e-01,-9.42699959e-01,-6.66616445e-01, 1.71078970e-02,
 -1.93804417e-01,-9.13101152e-01,-6.03926940e-01, 7.32382964e-01,
 -8.44118663e-01, 9.43884062e-01,-9.27930461e-01,-5.42202448e-01,
 -8.64601242e-01,-8.74300461e-01, 7.21402682e-01, 4.84460106e-01,
 -3.48512713e-01, 8.03628452e-01,-8.89717315e-01,-7.38886056e-01,
 -7.71837479e-01, 4.30282132e-01, 8.07589012e-02,-7.04885518e-02,
 -5.83073207e-01, 6.04118064e-01,-7.48267142e-01,-4.31935458e-01,
  1.85304078e-01,-2.32853843e-01, 8.20496724e-01, 5.26148062e-01,
 -2.20651274e-01,-6.76099571e-01,-2.40449653e-01, 4.71707747e-01,
  6.82870559e-01, 2.73092788e-01, 3.56013949e-01,-6.40388174e-01,
  5.50911898e-01,-8.86012749e-01,-5.32323223e-01, 8.76234723e-01,
  6.51232154e-01, 2.23649523e-02, 3.58274822e-02, 3.02012230e-01,
  3.51918434e-02,-3.72291004e-02, 2.04954479e-01, 7.10301533e-01,
 -9.45681912e-01,-8.14162227e-01,-1.05281521e-02,-6.74249313e-01,
  9.72638198e-01, 2.22429681e-01,-9.85881073e-01, 4.55819751e-01,
  6.87759456e-01,-3.11533492e-01, 3.08099511e-01,-3.29182005e-01,
 -2.53018491e-01, 5.75211846e-01,-4.57406856e-01, 9.71677666e-01,
  4.99586973e-01,-3.73418092e-01,-2.96086385e-01,-6.62904174e-01,
 -1.75326641e-01, 9.71678232e-01, 9.06312065e-01,-8.67324334e-01,
 -3.92376727e-01, 4.88749919e-01, 2.25273547e-01, 4.36915982e-02,
 -7.13438919e-01,-4.01913813e-01, 8.73747085e-01,-3.78903017e-01,
 -2.53618714e-01, 7.40404238e-01,-6.18611091e-01,-3.20675663e-03,
 -5.81354702e-02, 2.19085350e-01, 8.31260494e-01, 5.50843642e-01,
 -2.27705366e-01,-9.03850025e-01,-5.11550381e-01, 3.95930220e-01,
  3.38815711e-01, 1.67805511e-01,-5.47445903e-03,-2.73983839e-02,
 -7.40142189e-01,-4.78369330e-01, 2.64683814e-01,-3.62528259e-01,
 -3.07851512e-01,-1.48580365e-01, 1.25435343e-01,-6.59436553e-01,
 -2.76344083e-01,-7.95238861e-01,-9.49823580e-01, 4.93721473e-01,
 -1.14552230e-02, 8.38264394e-01,-2.31374957e-04,-6.98575664e-02,
 -4.24623559e-01,-7.06370755e-01, 5.24998725e-01,-1.46954481e-01,
 -7.81697572e-01,-5.25891470e-01,-3.77384145e-01, 4.24284177e-01,
  4.49870855e-02,-4.90182770e-01, 2.29907564e-02,-3.80333027e-02,
  6.76958513e-02, 5.64087586e-01, 8.68073486e-01,-9.44237287e-01,
 -6.67107212e-01,-9.29211860e-01,-3.11627275e-01,-3.17805640e-01,
 -8.84921594e-01, 6.52497619e-01, 7.88708174e-01,-1.92118818e-01,
  4.11016341e-01, 6.30040560e-01, 2.99090127e-01,-3.78757418e-01,
 -3.18382529e-01, 2.77524225e-01,-5.11444736e-01, 5.34422810e-01,
  5.83983221e-01, 7.89398481e-01,-7.22807971e-01, 3.02231332e-01,
  7.43034965e-01, 1.17059711e-01,-3.03733866e-01,-7.09634033e-03,
  3.03536394e-01,-2.10084246e-01,-2.60156126e-01, 9.01692723e-01,
 -1.19735483e-01,-3.36926365e-01, 2.39251894e-01, 7.34202150e-01,
  3.88200148e-01, 8.04718222e-01, 4.53180312e-01, 7.26688905e-01,
 -9.55782272e-01,-6.56937245e-01,-8.71115932e-01,-2.03966344e-01,
 -5.37164903e-01,-6.79503639e-01, 9.39013444e-01, 1.84222530e-02,
 -9.36091985e-01, 9.35749443e-01,-7.66618459e-01,-2.05712797e-01,
 -1.60922854e-02, 6.12165968e-01,-9.61716560e-01, 1.27764493e-01]
[ 6.72372888e-01,-2.50710663e-02,-4.92765706e-01,-3.25562397e-01,
  3.32767724e-01, 6.36757611e-01,-7.66388403e-01, 1.10673184e-01,
  1.94855121e-01,-5.02487197e-01,-9.67211687e-01, 8.92009809e-01,
 -3.17405401e-01,-3.42766371e-01,-9.44562162e-01,-3.60780438e-02,
 -3.44481971e-01,-2.96907561e-01,-5.35978201e-01,-8.72453671e-01,
 -2.43437460e-01, 7.58677616e-01,-2.41718913e-01, 7.96936068e-01,
 -6.72028093e-01,-4.09175125e-01,-6.38420070e-01,-4.40815963e-01,
 -1.28105892e-02,-6.95808254e-01,-6.66569487e-01, 3.40558369e-01,
  8.78098915e-01,-7.33058718e-01,-1.80892008e-01, 5.74812332e-01,
 -3.21701970e-01,-2.51574628e-01, 6.71715026e-01, 8.70726688e-01,
 -4.45555424e-01, 5.97626167e-01, 3.29989382e-01, 6.54690593e-02,
  9.39710338e-01,-9.43397701e-01, 7.93611274e-01, 8.64365816e-01,
  3.31347555e-01,-8.36394664e-01, 6.85761715e-01,-5.79453826e-01,
  7.15631463e-01, 4.44618807e-01,-2.83102490e-02, 4.69948861e-01,
 -8.89336279e-01, 9.91986245e-01, 8.35759435e-01, 3.15528882e-01,
 -1.95141293e-01,-5.82811232e-01, 8.39278564e-01, 4.23817405e-01,
 -6.84541796e-01, 2.04284446e-02,-2.94242113e-01, 8.65717123e-01,
  4.26470097e-01, 5.34951846e-01,-1.30169311e-01, 8.82794544e-01,
  1.03420547e-01,-1.70421519e-01, 5.54625119e-01, 6.83509021e-01,
  3.41298052e-02,-3.73774386e-01,-1.72971167e-01, 8.91882173e-01,
 -6.20841660e-01, 7.85721104e-01, 9.75423094e-02, 4.20195721e-01,
  7.88753672e-01,-7.50777950e-01,-2.95933482e-01, 2.20674227e-01,
 -9.38666728e-01, 4.79692093e-01, 1.69049108e-01, 1.59374801e-01,
  4.44739505e-02, 3.97780687e-01, 2.21902749e-01, 8.51666633e-04,
  7.59386171e-01,-3.22130480e-02,-6.79519843e-01, 1.66614219e-02,
 -1.88426850e-01,-4.13114617e-02, 9.87505668e-01,-1.41819789e-01,
 -1.15784446e-02, 6.77768560e-01,-1.01815241e-01,-3.66254201e-01,
  8.60358179e-01,-9.38616205e-01,-2.90572048e-01,-5.89381326e-01,
  8.26820402e-01,-1.59132341e-01, 4.75609591e-01,-7.39146127e-01,
  8.64046647e-01, 8.29126279e-01,-9.95826747e-01, 2.57484055e-02,
  7.60811050e-01,-6.97945533e-01, 8.47864054e-01, 2.31436405e-01,
 -8.03639036e-01,-6.29037337e-01,-1.18873997e-01,-8.57091650e-02,
  1.11864191e-01,-2.35199824e-01,-4.91710452e-01, 4.12421216e-01,
  8.99401379e-02, 8.04500100e-01, 3.03097875e-01, 4.43867681e-01,
 -3.73081720e-01,-4.38830282e-01, 1.81895037e-01, 4.44437792e-01,
  1.98981379e-01, 7.19428896e-01,-1.00005091e+00,-7.80122807e-01,
 -8.37887759e-01, 7.62436919e-01, 1.98239722e-01,-8.41171087e-02,
  9.54880434e-02,-4.06867597e-01, 9.64463171e-01,-1.63412478e-01,
  1.04144865e-01,-7.46016935e-01, 3.50520947e-01,-4.57117530e-01,
 -1.94405860e-01, 9.01077417e-01, 6.61968495e-01, 1.09856985e-01,
 -3.07978169e-01,-1.93560852e-01, 2.14589140e-01,-3.46211148e-01,
 -6.24664801e-01, 5.36168324e-01, 4.74180071e-01,-2.07212528e-01,
 -3.28386925e-01,-5.32069303e-02,-4.85022322e-01,-5.83937844e-01,
 -4.29142007e-02,-7.10325070e-01, 1.45906938e-01,-9.61584541e-01,
 -2.79670350e-01,-8.45280442e-01,-1.44849103e-01,-3.58793417e-02,
  2.37172741e-01,-8.67575233e-01, 5.81997747e-02,-3.11364615e-01,
 -4.16099026e-01, 9.33214591e-01, 1.75377858e-01, 8.42774639e-01,
 -8.13276217e-01, 6.78739564e-01,-3.85805675e-02,-6.65576366e-01,
 -6.99600498e-01, 4.61716369e-01, 1.76228596e-01,-4.12443364e-01]
[-0.27594507, 0.4028679 , 0.6298511 ,-0.22108252,-0.31536151, 0.14136597,
  0.56506202, 0.60841493, 0.43047864, 0.71996358,-0.66253362,-0.91155701,
 -0.66799612,-0.97580906, 0.01501595,-0.50903252, 0.4686713 , 0.85763598,
 -0.90323653, 0.96428712,-0.48330354,-0.88177517, 0.92365787, 0.46255594,
  0.75341661,-0.54023678, 0.07755923, 0.89910281,-0.23258466,-0.8598194 ,
 -0.25106253,-0.61036925,-0.31280918, 0.4867091 ,-0.69121595,-0.28661625,
 -0.46694099,-0.4540859 , 0.44514399,-0.59964256,-0.13420048, 0.73494258,
  0.20239588, 0.56265018,-0.59997069,-0.2033793 , 0.16146543,-0.26037379,
 -0.73544549,-0.29722676,-0.75147701, 0.58126371, 0.25478901, 0.1320199 ,
 -0.77536217,-0.33091212, 0.59765488, 0.11355121, 0.07025503, 0.85498819,
 -0.47388046,-0.02070655, 0.53292863,-0.5941408 ,-0.46504561, 0.74995749,
  0.84466935, 0.23836367,-0.91258734,-0.22399098, 0.13175497, 0.86925016,
  0.7318512 ,-0.1252186 , 0.14987985, 0.34230177, 0.98272986,-0.29746584,
  0.79282541,-0.83550474,-0.48431622,-0.32436332,-0.33811732, 0.43295834,
 -0.49901832, 0.77561303, 0.27057809, 0.8835115 ,-0.06725797, 0.77557543,
 -0.45460137, 0.57893203,-0.93332732, 0.59080513,-0.27781435,-0.64229684,
  0.5452317 ,-0.91131554, 0.64272638, 0.8241101 , 0.7996299 ,-0.80611068,
  0.60194926, 0.4803686 ,-0.30896185, 0.73286875,-0.71552089,-0.81685228,
  0.67680816,-0.20117173, 0.09460732, 0.85522874, 0.44057512,-0.90199974,
 -0.64389827, 0.08845524,-0.95618201,-0.98717642, 0.74165563,-0.33577531,
 -0.85607015,-0.20815079,-0.79226875, 0.95794949, 0.14756173,-0.54436056,
 -0.62763074, 0.39292798,-0.68964232, 0.72928143,-0.78228601,-0.48379028,
  0.55378413,-0.38939412,-0.77111609,-0.87254206, 0.75554465,-0.59381336,
 -0.76313242, 0.46167401,-0.53411392,-0.77667656, 0.13622801,-0.18453664,
  0.96487111, 0.94696265, 0.69473127,-0.87327735, 0.19490005, 0.40674136,
  0.40422685, 0.55397805,-0.99805549, 0.274983  , 0.39408884,-0.01648711,
 -0.46068763,-0.99094811, 0.53620681, 0.3179039 ,-0.43699261, 0.63313225,
 -0.43140553, 0.72788128,-0.41374378,-0.86600904,-0.6625558 , 0.53844605,
 -0.08810568,-0.2860314 ,-0.10062599, 0.85711883, 0.47364189, 0.36402163,
 -0.70914942,-0.75908934,-0.98089688,-0.80847316, 0.66778059, 0.78542212,
  0.50163442, 0.16699716,-0.73329756,-0.71759535,-0.93423242, 0.13061759,
 -0.63966653,-0.47732518,-0.25826896,-0.88100852, 0.97362155, 0.07610617,
 -0.07359878, 0.21288448, 0.22740038, 0.51619617]
[-0.30853696,-0.81047288, 0.2232181 , 0.54946945,-0.33828688, 0.39716905,
  0.29774217, 0.12553266, 0.10537488, 0.30324445,-0.67629488,-0.20611732,
  0.71793426, 0.27749397, 0.34092773, 0.73131656,-0.84338858,-0.023644  ,
  0.99807642, 0.43044413,-0.10003745, 0.53143306,-0.60591272,-0.35377558,
 -0.64309135, 0.08754084,-0.17281391, 0.62193202,-0.31495648, 0.61819778,
 -0.03757099,-0.44370221,-0.51778878,-0.97126522,-0.047252  , 0.26701554,
  0.52962213, 0.47766708,-0.87590009, 0.27583262,-0.97351973, 0.25876838,
  0.80058797, 0.18540718, 0.56883737,-0.17748319,-0.02131406,-0.57274575,
 -0.912672  , 0.34662489,-0.2764926 ,-0.80001566, 0.2829239 , 0.72501065,
 -0.50575639, 0.70024412, 0.44172466,-0.1719524 , 0.74567571,-0.45245691,
  0.89192176, 0.16798135,-0.4876201 , 0.8275793 , 0.24251791,-0.48150487,
  0.86500151,-0.57404218, 0.79059235, 0.62848754, 0.1606068 , 0.62263889,
  0.67928223, 0.11437055,-0.39667171, 0.96683863,-0.83767577, 0.34464523,
 -0.85920651, 0.27044174, 0.7514872 ,-0.63325358, 0.20086078,-0.70457372,
 -0.32613671, 0.12170824, 0.56999306,-0.68954611,-0.74030105,-0.66024594,
  0.87352702,-0.07889734,-0.67738244,-0.07993909, 0.76705766, 0.69931093,
 -0.13634546,-0.61369089, 0.54828294,-0.56882414, 0.79965827,-0.76586228,
 -0.86405309,-0.61842153,-0.32927646, 0.09931308,-0.87763301,-0.19697961,
  0.6693197 , 0.92737682,-0.45947535, 0.86355044,-0.24654185,-0.5046813 ,
  0.74403379,-0.83056444, 0.1162595 , 0.7468156 , 0.20360632, 0.19912044,
  0.01452286,-0.65808045, 0.75138908, 0.42698948,-0.37352978,-0.92408072,
  0.77413714, 0.31636396,-0.43210069,-0.76707281, 0.91510478,-0.08975793,
  0.94153776, 0.9954142 ,-0.39447627,-0.61250619,-0.46758686,-0.98803749,
 -0.50635446,-0.09028269, 0.23213908,-0.77820433,-0.83350682,-0.32776164,
  0.35078825, 0.4793079 ,-0.4928923 ,-0.63957953,-0.51965861, 0.40568752,
 -0.65275524,-0.68708109, 0.43819147, 0.36183752,-0.54357737, 0.04865027,
  0.7843421 , 0.0962856 , 0.75041984,-0.78108306, 0.33711964, 0.5058039 ,
 -0.39849548, 0.7409836 ,-0.40065607,-0.85715379, 0.91414306,-0.1146821 ,
  0.84143004,-0.07529669,-0.73682936,-0.90726946, 0.24734651, 0.63394934,
  0.14267916, 0.81863348, 0.28402849, 0.21599783,-0.8601317 ,-0.42060631,
 -0.66842029,-0.70833797,-0.18071867, 0.84071204, 0.97846762, 0.29537341,
 -0.56232919,-0.75546967,-0.21683005,-0.02171034, 0.55097919, 0.16782933,
  0.68842283,-0.68464033,-0.55642972, 0.40878086]
[-0.26979651,-0.97432305, 0.57594744, 0.61011627,-0.02191382,-0.6384105 ,
  0.18579194, 0.36700433, 0.03832547, 0.86300397, 0.23757836,-0.17276733,
 -0.97119271,-0.6385856 , 0.89572877, 0.92687499, 0.06192828, 0.76224868,
  0.55610647, 0.00156147,-0.75450358,-0.24412868,-0.44373236,-0.97549574,
  0.19371662, 0.9124344 ,-0.44384527,-0.54712593, 0.95430126,-0.03064094,
  0.53043297,-0.26114136,-0.18171701, 0.98087937, 0.539361  , 0.01069309,
 -0.12901789, 0.10141146,-0.10536636, 0.19433196,-0.20135188,-0.6240881 ,
  0.19431669, 0.63358512,-0.21545306,-0.59251738, 0.18303338, 0.2236901 ,
  0.38656949, 0.85788148, 0.52702241,-0.78281556, 0.45020888,-0.34091136,
  0.6652023 , 0.68843438, 0.63228342,-0.3760281 , 0.48385679, 0.53998525,
 -0.40558202, 0.50740399, 0.87085162, 0.5372224 , 0.93115772, 0.38113418,
 -0.96792164, 0.77130967,-0.83451912,-0.49890486,-0.53649682,-0.10688408,
  0.72910773, 0.71264976, 0.3572603 , 0.36515467,-0.26612491, 0.82369189,
  0.85356532,-0.87587767,-0.60920382,-0.25733051,-0.31630351, 0.75070518,
  0.35701953,-0.62278031,-0.06009961, 0.52429988, 0.26808253, 0.9745475 ,
  0.79795582,-0.17390873,-0.34756661, 0.83672803,-0.88038347, 0.08404796,
 -0.43557094, 0.62815112,-0.43727333,-0.40874609,-0.45247017,-0.89001076,
 -0.96069256, 0.5121843 , 0.73948791,-0.47250968,-0.92627579,-0.05748981,
  0.05753097, 0.3002188 , 0.2723073 , 0.67441845,-0.81508018,-0.49840762,
  0.67382155,-0.84778056,-0.69708568,-0.06687849,-0.0342134 , 0.93668989,
 -0.97961865, 0.97486537, 0.69543696, 0.40736353, 0.09897183, 0.06349694,
  0.65241878,-0.47393249, 0.69213176, 0.67288221, 0.07622334, 0.5721278 ,
 -0.65480217, 0.99670989, 0.00951206,-0.5343822 , 0.6959594 , 0.39613048,
  0.53826994, 0.3401349 , 0.53402135,-0.95381172, 0.14533622, 0.3881073 ,
  0.06319509,-0.34884547, 0.95088552, 0.81555289,-0.53866653,-0.02164636,
  0.42885275,-0.33870175,-0.79348737,-0.21865094, 0.60717416, 0.91876355,
  0.8758552 , 0.43306954,-0.61508688,-0.83947765, 0.79241564,-0.40949769,
 -0.45144863, 0.45447478, 0.8836742 ,-0.14980359,-0.74608891,-0.99416419,
  0.45833442,-0.69475106,-0.66495572, 0.92070605,-0.81690969,-0.0722324 ,
  0.62675334,-0.46785584, 0.87313854, 0.54958306,-0.36906757,-0.54161622,
 -0.09768049,-0.60153097,-0.83298257, 0.78910396,-0.2075413 , 0.18395062,
 -0.29383899,-0.16215436,-0.23457023, 0.25807539, 0.0536255 ,-0.4380713 ,
 -0.40471347,-0.38233163,-0.5850986 , 0.02954161]
[-0.58775975,-0.23067003, 0.03321193,-0.77162287, 0.45684912,-0.09804373,
 -0.17824873, 0.88669492, 0.30486879,-0.54607676, 0.790656  ,-0.40906061,
 -0.78759102, 0.42750601,-0.84801148, 0.25325844, 0.81762941,-0.50817348,
 -0.66240076, 0.98224701, 0.72516117, 0.26925751, 0.41007596,-0.78558579,
  0.77391004,-0.71036369, 0.51516679, 0.61698193, 0.24860987, 0.57702942,
 -0.76602323,-0.00724071, 0.77479531, 0.93437812, 0.83948275, 0.32727598,
  0.88336411, 0.16187351, 0.90492888, 0.03192913,-0.90362664,-0.36871021,
  0.10218112, 0.44731722,-0.59979276,-0.86923906, 0.19866423,-0.62674857,
  0.92035482,-0.32335468, 0.83238098,-0.94159527, 0.07860282, 0.60780149,
  0.61071706, 0.84992271,-0.76506673,-0.85048035,-0.80893631,-0.62718832,
 -0.53728756,-0.23612082, 0.30061241,-0.36554011,-0.67048128, 0.64360961,
 -0.44842486,-0.94487775,-0.69243004,-0.72280516, 0.93055874, 0.91433738,
  0.9244947 , 0.06752808, 0.93506319,-0.70568525,-0.58644126,-0.57684752,
 -0.66504659, 0.02117555,-0.91840133, 0.82110896, 0.59676849,-0.37653658,
 -0.83623316, 0.9915581 , 0.21880382, 0.38987251,-0.79476184,-0.47399847,
  0.94772127,-0.86160253,-0.70092718, 0.65785383, 0.02699424, 0.44612189,
 -0.38640615, 0.56066193, 0.52387293,-0.18446746, 0.45984463,-0.74105697,
  0.9914205 ,-0.77649846, 0.29728161,-0.27775807,-0.99024299, 0.06298264,
 -0.7082399 ,-0.37963326,-0.91179233, 0.88069814,-0.40872736, 0.75474975,
 -0.67992814, 0.71738484,-0.12098704,-0.42626542, 0.94416126,-0.43358739,
  0.93722728, 0.47814091, 0.09657441,-0.5007675 , 0.6621445 , 0.97471723,
  0.36257678,-0.90087516, 0.84705303,-0.95882628,-0.28242512, 0.16294211,
  0.34303354,-0.04236744, 0.48078727,-0.47638998,-0.14091882,-0.78507182,
 -0.06374076,-0.36844042, 0.4598858 ,-0.95871347,-0.50004368, 0.74065409,
 -0.21643938, 0.24369257, 0.28786559, 0.405733  , 0.13992017, 0.8157017 ,
 -0.75209703,-0.68054851, 0.44323368,-0.51817399,-0.80035122, 0.93670617,
 -0.64724804,-0.06301929, 0.05273795,-0.80473227,-0.25039523,-0.04981355,
 -0.83265924,-0.31300521,-0.9057641 , 0.17060907,-0.84936649,-0.08231844,
  0.28787139, 0.47885246, 0.26721996, 0.34412634,-0.47070429, 0.69101163,
  0.1680897 ,-0.01342225, 0.48903698,-0.82140466, 0.50524572,-0.65371459,
  0.99663052, 0.17278595, 0.22031509, 0.68870771, 0.31294289,-0.37338437,
  0.40302176, 0.41999327, 0.36361024,-0.39254741, 0.21621889,-0.54380036,
  0.28495404, 0.47951647, 0.91436655,-0.1767095 ]
[-0.84230028, 0.43188851, 0.65136572, 0.24827708,-0.00485703, 0.02901631,
  0.41940945,-0.534375  , 0.55717374, 0.4513911 , 0.51111883, 0.17729927,
  0.27385349,-0.13672788, 0.74507591, 0.27489448, 0.53939905, 0.99166362,
  0.12213774,-0.1932971 , 0.45088104, 0.11530498,-0.95839187,-0.63375659,
  0.44847948, 0.30510682, 0.44454296,-0.626396  , 0.40155519,-0.13603593,
 -0.32767704,-0.12053985, 0.11725594,-0.63552207,-0.7697782 ,-0.38264564,
  0.06374409, 0.17828723, 0.97775829, 0.29401708,-0.35446384, 0.84392785,
  0.90088718, 0.97550735,-0.61956207, 0.70008966,-0.69044848, 0.70416801,
 -0.54376333,-0.19618888,-0.81530882,-0.16212124, 0.82197718, 0.88377281,
 -0.04867775, 0.99850349,-0.55564436, 0.820557  ,-0.33686906,-0.81511718,
 -0.19623352, 0.9319336 ,-0.87067913, 0.0580789 ,-0.86001761,-0.614242  ,
 -0.97672926,-0.51396409, 0.07792191, 0.87663604, 0.23013497,-0.06713609,
 -0.14473191,-0.00863135, 0.68751954,-0.85097546, 0.74865057, 0.47924847,
  0.1322468 ,-0.91646565,-0.64493199, 0.4495684 , 0.2917221 , 0.43993598,
 -0.81157002, 0.89657862, 0.92985074, 0.96245667, 0.3354609 , 0.33662673,
 -0.35300629, 0.58953225,-0.4212958 ,-0.29617788,-0.93074329, 0.20888847,
 -0.44019135, 0.57344525, 0.70042584,-0.76347787, 0.06068426, 0.73966786,
  0.51568879, 0.41772459,-0.26271826,-0.15291748,-0.70816939,-0.61807596,
 -0.14109706,-0.75569637, 0.72878503,-0.71494501,-0.94090846,-0.84540152,
 -0.99554134,-0.84273922, 0.71230308, 0.32982378, 0.18205388,-0.65501918,
 -0.11126601,-0.92749662, 0.05039048,-0.74515811,-0.46520505,-0.54512422,
  0.2666638 , 0.9507938 , 0.53399547, 0.98436042, 0.02759597, 0.06415036,
 -0.03409528,-0.99883297, 0.66159971, 0.59424223, 0.64972343, 0.86727758,
  0.51516734,-0.72762765,-0.05801789,-0.16931295,-0.26755325, 0.83120709,
  0.62066082, 0.12222044,-0.57733696,-0.77914217, 0.32100204, 0.42249984,
  0.47409354, 0.20968615, 0.49282997, 0.70707597,-0.29260929,-0.71797561,
  0.40870145, 0.80098146,-0.60280483,-0.00411873, 0.87859386,-0.01590499,
  0.29086477,-0.11992181,-0.03152377, 0.67902914,-0.45941778,-0.7484564 ,
 -0.00718551,-0.91446108, 0.7847013 , 0.71670854, 0.58879518, 0.1278815 ,
  0.87276665,-0.46066465,-0.61960739, 0.25255104, 0.91086728, 0.40997834,
  0.69148353,-0.32511162,-0.87869942, 0.3612894 ,-0.77771678, 0.07868969,
 -0.65349195,-0.36752213, 0.66456701, 0.67509688, 0.22080156, 0.52452225,
 -0.65156088,-0.80654233, 0.00908957, 0.30717954]
[ 0.33731887,-0.7986096 , 0.11703997, 0.0815058 , 0.64738865,-0.95907636,
  0.30978966, 0.44134475,-0.71032468,-0.04273164,-0.12173802,-0.75670467,
 -0.15248708, 0.03408131,-0.36265722,-0.68579171,-0.61817069, 0.26942531,
  0.12046551, 0.97739312,-0.47966427,-0.67680634,-0.9442713 ,-0.15975798,
  0.77608212, 0.72500357,-0.70335064, 0.98608378,-0.6203908 , 0.05355572,
  0.67062246,-0.64859431,-0.45633607,-0.11024864,-0.36352334, 0.4506719 ,
 -0.67786971, 0.2399769 ,-0.24286416, 0.64213953, 0.66572791, 0.54420268,
  0.04367704, 0.29433722,-0.9987951 , 0.3738294 , 0.70944191, 0.4310508 ,
 -0.82642277,-0.0413289 ,-0.5326296 , 0.39119694, 0.88769119,-0.92008783,
  0.00741376,-0.7060579 , 0.45358139, 0.49185187,-0.01036074,-0.4697803 ,
  0.14734775,-0.59564881,-0.84361209,-0.2273222 ,-0.98667953,-0.69208751,
 -0.43764753,-0.47925137, 0.44545842, 0.73441584,-0.96344887,-0.53946003,
  0.8130681 ,-0.08335502,-0.80031131, 0.53727758,-0.95951281,-0.22032973,
  0.66398688,-0.09362378, 0.17521015, 0.71588856,-0.70270677, 0.93835232,
  0.75412756, 0.34651206, 0.73584388,-0.03524516,-0.17116052,-0.34118043,
 -0.21715169,-0.26763818,-0.42910791,-0.99362714,-0.29649252,-0.25564261,
  0.22839719, 0.36141728, 0.59006232, 0.6265596 ,-0.58664253, 0.03839992,
  0.29099956, 0.61477685,-0.63773723,-0.50888353, 0.80639175, 0.48800424,
  0.97792507,-0.96199993, 0.69732366,-0.05137349, 0.43033158,-0.86867243,
  0.42512544,-0.58003582,-0.61392637,-0.68746777, 0.51154264, 0.74063924,
  0.2187286 , 0.07062251, 0.52743988, 0.82821665,-0.30286903, 0.29387342,
  0.78549717, 0.43251512, 0.1290975 ,-0.85489557, 0.72672741,-0.33402974,
  0.22961523,-0.27183167,-0.71810452, 0.34766362,-0.07945427,-0.77722293,
  0.87875954,-0.69703951,-0.40901822,-0.24426048,-0.86313381,-0.45404903,
 -0.79735943,-0.79306356,-0.05110856, 0.44125461, 0.12257537,-0.40713531,
  0.42283791,-0.81087018,-0.52331268,-0.55767398, 0.47494997, 0.29584994,
  0.86909519,-0.99947347, 0.02036311, 0.23458728, 0.39158932,-0.07652776,
 -0.97252534, 0.24670035,-0.51593314, 0.85794066,-0.87189089, 0.45395448,
  0.87023839, 0.38463777, 0.42368382, 0.77962838,-0.17215394, 0.1135638 ,
  0.92268689, 0.14788122, 0.26452472, 0.01106944, 0.1824808 , 0.40372169,
  0.07318052, 0.52794144, 0.66166141, 0.47650475, 0.02805839,-0.92520534,
 -0.91159482, 0.47267661, 0.11920706, 0.55167773,-0.31895773, 0.45191002,
  0.04722323, 0.93914374, 0.34779743, 0.78546242]