NN SA lr=0.01 decay=.9

        1 layer, 4 hidden nodes  
        clip max  = 50 
        activation = relu 
        max iters = 1000
        learning rate = 0.01
    
train accuracy: 0.5056763780604568, 0.4779099986321981, 0.5499931609902886, 0.4193680755026672, 0.5955409656681713, 0.3009164273013268, 0.5698262891533306, 0.5123786075776228, 0.5246888250581316, 0.44029544521953223
train acc mean: 0.48965941731637264
train acc std: 0.08149674465028323
test accuracy: 0.5092250922509225, 0.4969249692496925, 0.5731857318573186, 0.41697416974169743, 0.6162361623616236, 0.2939729397293973, 0.5658056580565806, 0.5289052890528906, 0.5276752767527675, 0.4268142681426814
test acc mean: 0.49557195571955726
test acc std: 0.08910324903159154
loss: 0.7890225557782798, 0.7565544994876758, 0.7588384661750309, 1.116660702857656, 0.746205590151434, 1.2825780100516888, 1.899128954676372, 0.8164494087243485, 0.7412058775888971, 1.3854760701556827
fitted weights: 
 [-0.28873376, 0.56154497,-0.05603327,-0.39668517,-0.34510849,-0.77829168,
  0.93081329,-0.04656426,-0.58170511, 0.31975063, 0.51748996, 0.8076845 ,
 -0.89911333, 0.73861477, 0.07319622,-0.00392151, 0.54013383,-0.51504993,
 -0.62901132,-0.40675716, 0.47131777,-0.48355572, 0.29335829, 0.84196862,
  0.09527868, 0.82550556, 0.9696031 ,-0.41297984,-0.18713478, 0.08875768,
 -0.72030352, 0.06900469,-0.2272709 , 0.99498857, 0.22056109,-0.79348388,
 -0.2141114 ,-0.00833731, 0.43073312,-0.37498083, 0.98623117, 0.07167125,
 -0.23673353,-0.97097545, 0.84543288, 0.73737752, 0.75970725, 0.70792094,
  0.26534601, 0.88612203,-0.04931312,-0.4797314 ,-0.318408  ,-0.86109343,
  0.87435407,-0.6088928 , 0.81354139,-0.8727823 ,-0.03063895, 0.85569197,
  0.85889642, 0.98950618, 0.96882305, 0.34551714, 0.21670385, 0.09453124,
  0.09207475,-0.61649185,-0.75183148,-0.27190009,-0.62390875, 0.43824456,
 -0.85242981, 0.96842292,-0.36240594,-0.69683923, 0.42480439,-0.11489458,
 -0.35912156, 0.74506621,-0.2233903 ,-0.44293757, 0.4443574 , 0.57905519,
 -0.50946934,-0.07736146,-0.95647056,-0.24776242, 1.00346036, 0.28383521,
  0.86820021, 0.38085558, 0.86194988, 0.53459386, 0.16875795,-0.81933916,
 -0.62839405,-0.39824224,-0.33805263, 0.76167874,-0.59808572,-0.20177015,
 -0.09351496,-0.45947253, 0.44682721,-0.93918238,-0.67356871,-0.04489265,
 -0.2570334 ,-0.75042588, 0.3396544 ,-1.01326888,-0.79725167,-0.93833067,
  0.24926117, 0.63708378,-0.49028898, 0.05223351, 0.11632181,-0.42597104,
  0.33291011, 0.92251146, 0.20211655,-0.41936576, 0.91875899,-0.91302411,
  0.95192972,-0.95754311, 0.97039232, 0.65510741,-0.32803468,-0.36975683,
  0.17897122, 0.95221235, 0.50031054, 0.28576096, 0.08706734, 0.38865032,
  0.99604231, 0.25733935,-0.33833605, 0.14373838, 0.76453889, 0.36896147,
  0.71860245, 0.09855135,-0.94172115, 0.04491749, 0.93073276, 0.85656834,
 -0.99347962,-0.72152471,-0.52991388,-0.51619198,-0.92635041, 0.39859473,
 -0.71389746,-0.16002141,-0.63798601,-0.75107896,-0.57006093, 0.59266595,
  0.32592884,-0.7901061 , 0.86863224,-0.25374196,-0.15645934,-0.56581051,
  0.1729851 , 0.25566781, 0.63489238, 0.05881035, 0.59259489, 0.3249431 ,
  0.02909212, 0.59569916,-0.76005877,-0.1708211 ,-0.04087575,-0.89580149,
 -0.82658412, 0.46197917, 0.05447061,-0.09015051,-0.42981907, 0.43096466,
  0.20973567, 0.95551836, 0.41880137,-0.09843188,-0.15714414,-0.33450399,
  0.68861976,-0.85830148, 0.94966284, 0.16079946]
[ 0.29887575, 0.70281111,-0.13534511, 0.65336877,-0.52475478, 0.91522137,
 -0.86335378,-0.78674171,-0.74842572,-0.94072063, 0.72269331,-0.07365498,
 -0.56065108, 0.94336943, 0.31199493, 0.15046878,-0.4431927 ,-0.20604324,
  0.67086144,-0.06468718, 0.64008818,-0.87334028,-0.1372357 ,-0.0447697 ,
  0.09154751,-0.47527198,-0.13546741,-0.6191363 , 0.36471848,-0.86758687,
  0.33196893, 0.60422257,-0.92479951,-0.21040586,-0.57963345, 0.42962649,
  0.96718649, 0.64102025,-1.03945883,-0.61068595, 0.36753149, 0.5671626 ,
  0.71523264, 0.94033985,-0.55540097, 0.39476922,-0.33363249, 0.01959093,
 -0.5054875 ,-0.65613042,-0.28513815,-0.26621186, 0.49496351, 0.25632106,
  0.78484238,-0.28286257,-0.00292444,-0.33476127,-0.20831618, 0.40899252,
 -0.20449886,-0.67222135, 0.07889836, 0.95503729,-0.88497428, 0.81612268,
 -0.17896355, 0.7422518 ,-0.07136028, 0.67721811,-0.52262852, 0.43162386,
 -0.80661677, 0.31151382, 0.35316263,-0.22978457,-0.46370646,-0.09805687,
  0.5885283 ,-0.1863135 , 0.16094951,-0.51926986,-0.96999957,-0.71722004,
 -0.24473403,-0.86139762,-0.9425675 , 0.27288019, 0.56922953, 0.87132145,
 -0.1075207 , 0.3962348 ,-0.9134858 ,-0.60090925,-0.85118918, 0.31905831,
 -0.35443443, 0.36298511,-0.27955477,-0.5519171 , 0.80735123,-0.82174402,
 -0.4693666 ,-0.6668072 ,-0.45580666,-0.14743177, 0.95161671, 0.46093328,
 -0.77318679,-0.64918916, 0.56022925, 0.71227764, 0.8519616 ,-0.30621333,
  0.84527503,-0.65196823, 0.76237406,-0.11825825,-0.63743301, 0.04308789,
  0.16234633,-0.61860023, 0.94015337,-0.42910048, 0.83081986, 0.12724205,
  0.36273032, 0.00532849,-0.44345012,-0.01812339, 0.17375754, 0.66816156,
  0.997097  , 0.76145745,-0.5558559 ,-0.08584995,-0.00282915, 0.25754468,
  0.31539512,-0.16942604,-0.09315994, 0.19695832,-0.94746474, 0.62499704,
  0.14056831, 0.21011926, 0.30456218, 0.21205483, 0.76304413, 0.90701805,
  0.95976328, 0.79090911, 0.71935525, 0.11463417,-0.63506569, 0.81903669,
 -0.16403446, 0.04377791,-0.20683971,-0.90249697, 0.43432131, 0.37975243,
 -0.74160058,-0.7378561 , 0.33337166, 0.39853416, 0.41051501,-0.49206716,
 -0.63172158,-0.40787107,-0.70998045,-0.54298782,-0.91859398,-0.37193417,
  0.05581704, 0.1105598 , 0.36519378, 0.61390801,-0.38580443, 0.79114386,
 -0.52585544,-0.60882714, 0.11141867,-0.91754312, 0.79911606, 0.93161638,
 -0.14190342,-0.28270152,-0.34287922,-0.63397921,-0.09317589, 0.59357983,
  0.68400479,-0.41360182, 0.48303579, 0.5280618 ]
[-4.14296660e-02, 1.44438894e-01, 1.92082754e-01, 5.43591344e-01,
 -3.58270871e-01, 5.74935214e-01,-2.56474027e-01,-1.47113578e-04,
  3.77323776e-01, 7.62746152e-01, 2.78356966e-01,-6.28643215e-01,
  5.88923350e-01, 2.19919197e-01,-6.66381311e-01, 3.57618855e-01,
 -6.37084826e-01, 7.15560982e-04, 5.51773621e-01,-1.04593822e-01,
 -7.70086043e-02, 4.12425526e-01, 4.66760256e-02, 4.00315223e-01,
  4.68263174e-01,-1.13432219e-01, 7.31301825e-01,-6.65124023e-01,
 -4.73413525e-02, 1.16336011e-01,-8.39624934e-01,-1.11534694e-01,
 -5.70555234e-01, 5.18419235e-01,-6.16988684e-01,-5.47751094e-01,
 -1.29511176e-01, 4.91066647e-01,-1.39315461e-01,-8.45640713e-01,
  9.46105122e-01, 2.28345943e-01, 2.63176024e-01,-2.87489694e-01,
 -5.77682520e-01, 5.88888938e-01,-4.30897958e-01, 8.81106796e-01,
  2.54224148e-01, 3.37969513e-01, 6.73811783e-01, 1.00697953e+00,
 -2.63987854e-01,-2.99757923e-01,-5.10808508e-01, 1.70893819e-01,
 -2.44914638e-01,-1.03153498e-01,-4.09141228e-01,-7.32875402e-01,
 -8.12358509e-01, 6.42280419e-01, 9.17805774e-01,-3.96000946e-01,
 -3.79228279e-01,-8.56586333e-01,-7.02836244e-02, 8.94117507e-01,
  9.76617300e-01,-9.92114125e-01,-7.98078525e-01, 7.00884659e-01,
 -7.69251904e-01,-5.84858926e-01, 1.34731972e-01,-5.02557141e-01,
 -5.76550224e-01, 5.91640057e-01, 7.94424270e-01,-7.49934416e-01,
 -8.07410075e-01, 5.61341570e-01, 5.17325514e-01, 1.05176117e-02,
 -9.44941851e-02,-5.62086216e-01,-9.95430009e-01, 7.36106986e-01,
 -5.46521332e-01,-1.84559972e-01,-3.74697372e-01,-4.79396879e-01,
 -7.03835539e-01,-5.94505273e-01, 7.27641971e-01, 5.79650113e-01,
 -2.57038673e-01,-4.12974220e-01, 6.90082311e-01,-3.74117231e-01,
 -2.26194532e-01, 8.42318613e-01, 2.06738361e-01, 8.40103742e-01,
  5.59313991e-01,-9.18862383e-01,-1.38539856e-01, 1.63077393e-01,
  1.96192893e-02,-1.34737072e-01, 6.31757595e-01, 5.94129160e-01,
  4.46845846e-01,-3.70965367e-01,-3.62821613e-01, 5.92791108e-01,
 -1.80363625e-01, 9.20308278e-01, 1.53294245e-02,-7.99723843e-01,
 -6.83853236e-04,-1.88401862e-01,-6.11084342e-01,-3.34219955e-01,
 -6.93776449e-02, 8.78568642e-01, 6.62718600e-01, 6.19267696e-01,
  1.00619172e-01,-9.81148395e-01,-9.67948395e-01, 4.39863925e-01,
 -7.45133636e-01,-9.48974351e-01, 5.20306195e-01,-1.20358840e-01,
 -4.00523976e-02, 2.22270784e-01,-1.46351948e-01,-4.12386894e-01,
  3.34261527e-01, 4.64181530e-01, 7.85482929e-01, 5.03702398e-01,
 -3.73757549e-01,-7.80758139e-01, 2.37081468e-01,-2.32435033e-02,
 -6.00660988e-01, 8.46620186e-01,-4.80806633e-01, 2.01832575e-01,
  2.00309671e-01,-4.10337365e-01, 4.81669276e-01,-1.59321713e-01,
  1.06487815e-01, 6.57491162e-01, 4.83161216e-01,-2.49805914e-01,
  7.37215377e-01, 2.21108181e-01, 1.52177829e-01,-2.97633076e-02,
  2.91166576e-01, 4.56962440e-01, 1.99047410e-01, 8.32676241e-02,
  4.57499889e-02,-3.39798452e-01,-4.26504659e-01,-2.73199454e-01,
 -9.16420207e-01, 6.99479098e-01, 4.38465949e-01, 6.78042989e-01,
  6.41238660e-01,-3.82312557e-01,-5.02130896e-01, 9.67847349e-01,
 -3.49371631e-01, 4.77179270e-01, 9.37881697e-01, 4.53526732e-01,
  7.15773972e-01,-4.56536635e-01, 9.54827147e-01, 8.11107740e-01,
 -2.47638028e-01, 5.21031044e-01,-3.15708840e-01,-8.85299140e-01,
 -3.65756908e-01, 9.35942221e-01,-7.52807082e-02,-1.61788005e-01]
[ 0.91152923,-0.72000152, 0.03202338,-0.00720673,-0.60479852,-0.84088414,
 -0.23571728,-0.28508805, 0.52656626, 0.13289234, 0.48516641,-0.30033082,
  0.71645189,-0.71581227,-0.61374206, 0.40383233,-0.8459782 , 0.57381304,
  0.83729731, 0.19929848, 0.08175924,-0.73516125,-0.45889456, 0.01743765,
  0.49791801, 0.7300894 ,-0.1448275 , 0.00502859,-0.14218587, 0.32195284,
  0.13846696, 0.79999298,-0.51627277,-0.78468009,-0.78779401,-0.36455481,
 -0.75419076, 0.00241089,-0.36565049,-0.63890545, 0.42132714, 0.27148619,
  0.34306602,-0.68840261,-0.59347512, 0.62566905,-0.21809835, 0.37338511,
 -0.55683606,-0.70178049, 0.51789676,-0.8441716 , 0.99685487, 0.68208396,
 -0.24015047, 0.51466842,-0.0866336 ,-0.64951124, 0.99362014,-0.0072097 ,
  0.27656166,-0.2315672 , 0.5784554 , 0.41313852, 0.86364008, 0.77327326,
 -0.63977898,-0.95319497, 0.0212293 , 0.8855855 , 0.26235218,-0.80347166,
  0.54891042,-0.11932502,-0.21473261,-0.91714734, 0.20012463, 0.88560493,
 -0.12437954,-0.33156342, 0.13539231,-0.7843134 , 0.32930081, 0.57450451,
 -0.31805856, 0.20233725,-0.16511528, 0.77237892, 0.69916622, 0.64422896,
 -0.6933279 , 0.56265515,-0.88236599, 0.39492534,-0.20669822, 0.53240473,
 -1.01812121,-0.04560607,-0.20322227, 0.8470563 , 0.86702356, 0.80610512,
  0.75736882,-0.67430419,-0.83559328, 0.85262368,-0.29204561, 0.91361439,
 -0.58891817, 0.8946769 ,-0.12372951, 0.14015725,-0.69712702,-0.09672377,
  0.56765758, 0.80246573, 0.77634938,-0.31643067, 0.1468692 ,-0.94059033,
 -0.29641106, 0.17399212, 0.46881338, 0.9513087 , 0.16207423,-0.19500092,
 -0.05273646,-0.62170794, 0.10833551, 0.40823728, 0.70374933,-0.4427059 ,
 -0.9314003 ,-0.62340954, 0.30196191,-0.7779654 ,-0.44299265, 0.89803539,
  0.69702731,-0.51471176, 0.68742056,-0.62308313, 0.43377661,-0.22311377,
 -0.04321532,-0.57690055,-0.71291321, 0.7212624 ,-0.76106617, 0.94172404,
 -0.86149475, 0.56543678,-0.30484839,-0.23381308,-0.06925256,-0.63375162,
  0.29640229, 0.86079876,-0.10209138,-0.04280915,-0.06926413,-0.89478323,
  0.45743922,-0.31677764, 0.22428103, 0.3979142 ,-0.08550872, 0.43452546,
 -0.03795653, 0.6148515 , 0.90369098, 0.55969123,-0.5182504 ,-0.5363084 ,
  0.5657346 , 0.53429651, 0.47663986,-0.31816314,-0.86917099, 0.56878522,
  0.47648468,-0.60374816,-0.0694347 ,-0.23414828, 0.85048366, 0.3556217 ,
  0.69264559,-0.26881037,-0.2021759 , 0.81394684,-0.37969274, 0.6706555 ,
  0.89980216, 0.3172724 , 0.1822991 , 0.24714655]
[-0.47920992,-0.09400415,-0.85137605,-0.95722797,-0.52487416,-0.34751492,
 -0.54054107,-0.62212461, 0.45985488, 0.29035823,-0.49654962, 0.06669838,
  0.79148649,-0.2474187 ,-0.53727339, 0.09368516, 1.01976825,-0.39994656,
 -0.73599942, 0.20205662,-0.72546431, 0.96638746,-0.83170506,-0.56168563,
 -0.53425635,-0.62925323, 0.50180006, 0.32640916,-0.46145415, 0.75132482,
 -0.02681741,-0.75119516,-0.87405923, 0.448729  ,-0.79401923, 0.50598122,
 -0.56761938,-0.98203868,-0.79412001,-0.32625483,-0.08464757, 0.66899537,
  0.4291019 , 0.87742944,-0.29933002,-0.22199548,-0.14305433,-0.75447251,
 -0.61937736,-0.07323873, 0.6862302 ,-0.43047194, 0.3345959 ,-0.12245625,
  0.66344384, 0.40676254,-0.26980971, 0.52598193, 0.69388664,-0.0703791 ,
 -0.07947224, 0.72396026,-0.82214359,-1.02124191, 0.92556847, 0.83538308,
  0.10063735,-0.19905375,-0.46280019,-0.95651979, 0.3560352 ,-0.30996527,
 -0.15045199, 0.71836781, 0.23526063, 0.63613703,-0.61774273,-0.33525341,
 -0.08967023,-0.16167885,-0.40404446, 0.74260428,-0.54945572,-0.16272444,
 -0.41896704, 0.97566407, 0.88816961,-0.54091539, 0.98008773, 0.30655036,
 -0.98263049, 0.49036865, 0.66518888,-0.62004834, 0.25675148, 0.99012058,
 -1.02256982,-0.56203077, 0.88380148,-0.88095275,-0.43121753, 0.27661924,
 -0.26973415, 0.40843247, 0.64297041, 0.29665127, 0.61829163, 0.88886506,
 -0.60672748, 0.06460999, 0.66362331,-0.95769999,-0.98742597, 0.55499656,
 -0.10736834, 0.51459761, 0.2674492 , 0.89345587,-0.32389614, 0.92765334,
 -0.56683655, 0.73105039,-0.24345827,-0.55311346,-0.44577352, 0.56881213,
 -0.05770762,-0.76892726,-0.3059197 , 0.01173586,-0.00772376, 0.87493359,
 -0.13653187,-0.67737612, 0.84435477, 0.51909254,-0.85323697, 0.91098263,
  0.08213724, 0.49555646,-0.12596627, 0.87627005, 0.63653184,-0.90171034,
  0.95706552, 0.10784404,-0.48297268, 0.05847806, 0.91473943,-0.93195128,
  0.75247738, 0.71542549, 0.46454241, 0.13215664, 0.31846098,-0.70308107,
  0.11887291, 0.11278472, 0.68390467, 0.8429819 , 0.55817627, 0.61139034,
  0.5574937 , 0.04447687, 0.3980419 ,-0.70047999,-0.32731959, 0.20472631,
 -0.71571077,-0.51810338, 0.76656273, 0.11027323, 0.51251874, 0.44759459,
  0.67822324, 0.38333483, 0.84728601, 0.02698981, 0.58173608,-0.39846515,
  0.51660343, 0.42371908, 0.13413606, 0.45123637, 0.1775623 , 0.60353026,
 -0.06913029, 0.31329061, 0.67854467,-0.52492774, 0.24439682,-0.48519455,
  0.37798533, 0.92684947,-0.65740862,-0.92279083]
[-0.98050187, 0.21386955,-0.17045533, 0.59100931,-0.27780107, 0.96169823,
  0.18059507,-0.86074381, 0.87332716,-0.65504499, 0.8243259 , 0.065614  ,
  0.78183686, 0.24485964, 0.95692778,-0.28713801,-0.50412161,-0.74179615,
 -0.16324414, 0.93851909, 0.33927569, 0.66734629, 0.5210239 ,-0.84494677,
  0.32127514, 0.98583185,-0.72251239,-0.29006118,-0.89929597,-0.85696236,
  0.05974005, 0.82741156,-0.95563757,-0.83659256,-0.07460917, 0.3728149 ,
 -0.29791525, 0.71935673, 0.49639209,-0.59956039, 0.33214614, 0.23314547,
 -0.18483566,-0.41748707, 0.02017928, 0.37206824,-0.80039119, 0.34067863,
  0.81509802,-0.60257338, 0.19772065,-0.20379728, 0.9097449 ,-0.37148792,
  0.1957032 ,-0.93284505,-0.88052849, 0.67233441,-0.46448251, 0.98666147,
 -0.98256768,-0.96380015, 0.64410654,-0.98112382,-0.71205436,-0.49886457,
 -0.59440106, 0.53008619,-1.02492571, 0.01207785,-0.67338818,-0.69935469,
  0.06180465,-0.46709625, 0.71198422,-0.6044436 , 0.70377323, 0.64816036,
  0.96020174,-0.90918886, 0.3268524 , 0.56018653,-0.63094972,-0.47298181,
  0.20063183, 0.2394481 , 0.10875802, 0.12216378, 0.35247141, 0.72458884,
  0.23126295, 0.82212742, 0.29499633, 0.85250542, 0.09449938,-0.5528056 ,
  0.07992253, 0.97162098, 0.6034886 , 0.9275756 ,-0.22532133,-0.92275703,
  0.70513405, 0.42238723, 0.5908069 , 0.81925004, 0.42299796, 0.76148851,
  0.34794293,-0.39573517, 0.40153173, 0.97505548, 0.64474526, 0.94378652,
 -0.85048003, 0.4971448 ,-0.71890508, 0.51096779, 0.3940694 , 0.73756887,
 -0.46527961,-0.25515783,-0.98882052, 0.10093159, 0.20226555, 0.62360147,
  0.02614776,-0.74767776,-0.46555775,-0.52111693, 0.28800122,-0.46242172,
  0.28081274, 0.47990266,-0.86230898, 0.93739757,-0.49678989,-0.66686429,
  0.73392614, 0.93083813,-0.50534205,-0.25613243,-0.27999942,-0.43733892,
  0.4166834 , 0.00314343, 0.05836911, 0.02988629,-0.59197207,-0.5220412 ,
 -0.183707  , 0.96283413, 0.69755373,-0.24099397, 0.05237134,-0.95798515,
 -0.73069777, 0.858688  , 0.9200497 ,-0.46544806,-0.8177099 , 0.1658133 ,
 -0.60339589, 0.9439592 ,-0.39665922, 0.17201664,-0.55216186, 0.98708564,
 -0.65183077, 0.42289327,-0.10788297, 0.3108763 , 0.07550887,-0.10608899,
 -0.57300307,-0.91570204, 0.11292613,-0.0314287 ,-0.84918756, 0.35725897,
  0.76782387, 0.92709378, 0.65098476,-0.72274815, 0.56028976, 0.69599989,
  0.40470385,-0.66437048,-0.25326957, 0.13928821, 0.64263089, 0.07964307,
 -0.30296528, 0.39292668,-0.80624611, 0.30151875]
[-3.20759970e-01,-1.28013015e-01,-5.81935141e-01, 9.04989702e-01,
  2.46121424e-01, 9.29579797e-02,-4.85607601e-01,-7.53991672e-01,
  7.31164201e-01, 6.63560216e-01, 3.31456713e-01, 9.42403349e-01,
  3.41273138e-02,-4.32799368e-01,-6.05185634e-02,-7.26927953e-01,
  5.95023032e-01,-7.51162899e-01, 9.23890232e-01,-8.44775756e-01,
  9.73669850e-01, 6.32989419e-01, 9.65199070e-01, 9.92758366e-01,
 -6.98140055e-01, 6.34779636e-01, 9.07845948e-01, 4.86590912e-01,
  1.08066245e-01, 6.26535001e-01,-6.32679168e-01,-5.94369197e-01,
 -1.43686896e-01, 3.15319220e-01,-7.31125984e-02, 9.59400917e-01,
  9.33146007e-01, 5.73665054e-01, 1.21240579e-01,-2.15126716e-01,
  5.37293423e-01,-4.18664239e-02, 6.43870849e-02,-3.40503620e-01,
  1.80079100e-01, 1.54249732e-01, 1.48313356e-02,-1.61097113e-01,
 -5.21377454e-02, 3.03851931e-01,-8.89714479e-01,-9.43409471e-01,
  2.89631735e-01, 2.15542755e-01, 8.65691221e-01, 2.72213697e-01,
  7.31568286e-01,-6.54999365e-01,-1.53466542e-01, 6.93231864e-01,
 -5.00599146e-01,-5.34370550e-01,-5.13107565e-01, 8.81759370e-01,
  9.46917493e-01, 2.21304135e-01,-1.79383359e-01, 1.98243617e-01,
  2.97899857e-01,-2.25024058e-01, 7.37749111e-01,-5.07800221e-01,
  9.45268987e-01, 4.35097755e-01, 9.90263320e-01, 6.57807121e-01,
 -7.64650404e-01,-2.27213128e-01, 8.45444011e-01,-4.52134125e-01,
  2.97048194e-01,-2.94662633e-01, 8.20453013e-01, 3.54707311e-01,
  4.85611068e-01, 6.97989915e-01,-7.02626095e-01, 9.79445882e-01,
 -8.21410844e-01,-7.60900895e-01, 8.88671139e-01, 7.82909741e-01,
 -6.09641517e-01,-6.59085041e-01, 8.99072551e-01,-8.71768021e-01,
  8.11671147e-01, 9.42832746e-01, 1.18925514e-01,-4.68668319e-01,
 -5.70889647e-01, 2.61271597e-01,-2.91128052e-01,-6.82493335e-01,
  5.44129644e-01,-2.21952940e-01,-3.02195586e-01,-4.11191678e-01,
 -2.34222280e-01,-8.30523093e-01, 9.63959506e-01,-9.56618097e-01,
 -1.26593394e-01,-3.51797833e-01,-6.04219304e-01,-5.25080571e-01,
  4.23574689e-01, 8.36167571e-01,-1.76893914e-01, 3.01010043e-01,
 -8.44839700e-01,-3.15093570e-01, 4.77248908e-01,-7.34207361e-02,
 -8.79240103e-01, 6.66324544e-01,-1.48504826e-01, 7.49767212e-01,
  8.56504791e-01,-6.28530241e-01,-1.42120957e-01,-2.18544770e-01,
 -2.19381201e-01,-6.29508487e-01,-8.30403774e-01,-4.51969633e-01,
 -1.87771677e-01,-8.29400981e-01,-9.31604090e-01,-4.89165610e-03,
  4.52612407e-04,-7.30832553e-02, 8.13782711e-01, 6.43161701e-01,
 -3.68516409e-01, 5.46679632e-01, 7.27626841e-02, 1.85563280e-01,
  9.20533833e-01,-5.61598837e-01,-8.77836922e-01,-6.44809099e-01,
 -7.00176353e-01, 3.75169508e-01,-5.38273725e-02, 9.37347408e-01,
 -7.93474774e-01, 4.48750547e-01,-7.21914996e-01,-9.74729839e-01,
  7.40244455e-01, 8.86155175e-01, 1.21500790e-01, 8.39021981e-01,
 -3.44226566e-01,-2.66756431e-02,-9.32351291e-01, 4.91029062e-01,
 -7.66098922e-01, 1.95784167e-01,-3.18770622e-01,-7.82724014e-01,
 -6.26856768e-02,-9.46035584e-01, 6.42609733e-01,-3.25628704e-01,
  7.96450110e-01,-2.30173766e-01,-2.43330836e-01,-2.59694519e-01,
 -8.55147961e-01, 5.93494686e-01, 8.46290235e-01, 9.12367170e-01,
  4.74108449e-01, 9.52467216e-01, 8.32827159e-01, 1.80362500e-01,
 -3.98088639e-01,-4.65965439e-01,-6.50012110e-01,-7.65217329e-01,
 -9.11015584e-01,-6.77742312e-01, 2.82795185e-01,-2.72076061e-01]
[ 0.0932303 ,-0.90042692, 0.42452771, 0.26359481, 0.16826865, 0.17268977,
 -0.31550928,-0.27734335, 0.09910833, 0.83362874, 0.64048411,-0.2334061 ,
 -0.8822806 , 0.19887488,-0.44808445, 0.24677765,-0.73602559, 0.54226388,
  0.49243813,-0.00707225,-0.46914589, 0.23349859, 0.11151503, 0.85594113,
 -0.90406545,-0.91455282,-0.83487259,-0.44573458, 1.00064647,-0.37188307,
 -0.9509956 , 0.92269386,-0.6082146 , 0.73208046, 0.71008117,-0.78689694,
 -0.86033902,-0.71345725,-0.09283408,-0.92732763,-0.66766243,-0.55298999,
 -0.50140138, 0.17187517,-0.61186022, 0.08465102, 0.49682448, 0.15193896,
 -0.91067625,-0.89014992,-0.61957109,-0.54000688, 0.37389811,-0.14511487,
 -0.54531317, 0.24069181, 0.46842757,-0.15009965, 0.24429128, 0.67376246,
  0.5258083 ,-0.98394341,-0.05064356, 0.07421981,-0.47546618, 0.37344519,
 -0.86784903,-0.53859828, 0.43720915, 0.43092829,-0.08928246,-0.32309792,
  0.45587734,-0.67377785,-0.75183095, 0.35622446, 0.91338991,-0.26665408,
  0.0955515 , 0.04906428,-0.24927793, 0.54104863, 0.82840707, 0.01094539,
  0.04930216,-0.16657349, 0.29793332, 0.43172206,-0.31587263, 0.0248621 ,
  0.78366445,-0.57161392,-0.9471952 ,-0.76816318,-0.33114162, 0.70953315,
  0.70531377,-0.62999483, 0.31714229, 0.30519526, 0.52893635,-0.22384395,
 -0.61813349, 0.36281625, 0.21638405,-0.63320123,-0.05512697, 0.26127502,
  0.44993857,-0.1961058 ,-0.1189167 , 0.97780162,-0.98564268,-0.32478174,
 -0.30743295, 0.84128863, 0.30436123,-0.64370807, 0.18986163,-0.88858536,
  0.71228612, 0.97773128, 0.57404634, 0.71853885,-0.50760566,-0.05445481,
  0.90769948, 0.60572141, 0.31249622,-0.66436943,-0.32375852, 0.55882676,
  0.64256095, 0.49906046,-0.86553187, 0.00403493, 0.08194528,-0.57513759,
  0.42125868,-0.35902705, 0.88621062,-0.25909696, 0.00416915,-0.90103376,
  0.18639816, 0.87055155,-0.82194565, 0.96342139, 0.64295383, 0.71905727,
 -0.31068788,-0.65718108, 0.41243941, 0.04268842,-0.20793135,-0.56069476,
 -0.8714261 ,-0.78143636,-0.57884566, 0.50787952, 0.45724396,-0.74984209,
  0.74568062,-0.63266415, 0.78931262, 0.34404727, 0.91427782,-0.10547434,
  0.13308727, 0.26493637, 0.25668994,-0.69822396,-0.40428308, 0.90347909,
 -0.40505793,-0.74728205,-0.53720303, 0.43138189,-0.74077362,-0.88806667,
  0.21778409, 0.54333505, 0.59816774, 0.8098197 ,-0.88521069, 0.5240478 ,
 -0.1105007 ,-0.64011992,-0.25095746, 0.30336283, 0.44724181,-0.11500848,
  0.94578762, 0.37681455, 0.58934888,-0.957601  ]
[ 0.92927932, 0.75441714,-0.48065305,-0.61674952, 0.70600848, 0.55232043,
 -0.78536549,-0.07007323, 0.94935098,-0.36716814,-0.70082675,-0.54643606,
  0.24003408,-0.36516066, 0.74332044, 0.24324979, 0.06866017,-0.77765272,
  0.95149629, 0.50929819,-0.13193367, 0.55489595,-0.59863387,-0.00680901,
  0.34930256, 0.51001485,-0.97825732,-0.87066293,-0.25637915,-0.67573694,
  0.71368223, 0.9714419 ,-0.29023401,-0.95685242,-0.47349183, 0.12908489,
 -0.53484859,-0.06478541, 0.10187101, 0.76710336, 0.41096914, 0.74550484,
 -0.53597696,-0.67154523, 0.24752383, 0.00733073, 0.41014142,-0.67428531,
  0.74162518,-0.24454135, 0.5556648 ,-0.54983127,-0.31925548, 0.88610618,
  0.17301673, 0.29159797, 0.34590831,-0.5316003 ,-0.33671682, 0.69416362,
 -0.9593784 ,-1.01195968,-0.21215092, 0.94045626, 0.88182446, 0.14547772,
  0.12438007,-0.25929821,-0.41506353, 0.00657676,-0.29787777, 0.74546457,
 -0.58782437,-0.21353704,-0.34630646, 0.07837741,-0.84159779, 0.80724524,
 -0.00890322, 0.45430689, 0.23934711,-0.81449527,-0.84268469,-0.89035391,
  0.87939616, 0.85277455, 0.68246094,-0.79712262, 0.25425715, 0.84223988,
 -0.70067271,-0.66350112,-0.72989137, 0.51910912, 0.50975778,-0.60576798,
  0.41598911, 0.95226934,-0.43498446,-0.2281098 ,-0.82086463,-0.62402019,
 -0.92020052,-0.00610911, 0.16697915, 0.64630132, 0.6999263 , 0.42392599,
  0.4001845 ,-0.1048493 ,-0.50910178,-0.00179216,-0.86806259, 0.75267893,
 -0.60485535,-0.08627108, 0.85799834,-0.19286597,-0.54375581,-0.95306847,
 -0.26089931,-0.50763407, 0.43285654, 0.47161492, 0.44957608,-0.57820937,
  0.82626713,-0.19810106, 0.88866358,-0.56544676,-0.27898333,-0.71986809,
 -0.81432448,-0.68623625,-0.48211996, 0.40954671, 0.52626122,-0.10442464,
 -0.24533624,-0.17602878,-0.11854995,-0.7497714 ,-0.17491014, 0.99268335,
  0.48617786,-0.47322918,-0.29005463, 0.10391904, 0.71699028, 0.59430564,
 -0.49665041,-0.29172958, 0.13609635, 0.33084215, 0.74162287, 0.67964827,
 -0.81169259,-0.29316167,-0.74856562,-0.67703735,-0.09469924, 0.62727779,
  0.85440528, 0.09414325, 0.7049367 ,-0.48140375, 0.27740545,-0.83668808,
 -0.85593708,-0.23793828, 0.44798917,-0.88273039,-0.59322845, 0.57743302,
 -0.36864078, 0.25543511, 0.34915861, 0.50435119,-0.12261202, 0.65616627,
  0.54881505,-0.20598352,-0.4501984 ,-0.016068  , 0.57460281,-0.31844129,
 -0.46987525,-0.00923459, 0.72588501, 0.16329799, 0.68924907,-0.37391836,
  0.50114845,-0.62833287,-0.29236116,-0.38655853]
[ 0.32244381, 0.98638718, 0.72266169, 0.49093774, 0.60241783,-0.54479929,
 -0.40835915,-0.15136636, 0.03013026,-0.524714  ,-0.79696894,-0.36869555,
  0.49734834,-0.07686657, 0.83166441, 0.10520997, 0.21635327,-0.96341655,
 -0.68276562,-0.33972444,-0.28128409, 0.74337141, 0.99609936,-0.16690656,
  0.2265989 ,-0.88858888,-0.67533252,-0.94960679, 0.9399035 ,-0.17225519,
  0.59781233,-0.37297794, 0.25952659, 0.68649102,-0.17469249,-0.61666538,
  0.2668983 ,-0.63237359, 0.55263256, 0.68559256,-0.97284409, 0.21659432,
 -0.53601026,-0.19124128, 0.39877041, 0.77739207,-0.61284614, 0.33036052,
 -0.80605889, 0.62644496,-0.20505498,-0.46129985, 0.55023894, 0.02519887,
  0.47190286, 0.16597507,-0.4605461 , 0.23456639,-0.78362544,-0.51912586,
  0.06767404, 0.33100156, 0.79641157, 1.0122832 , 0.74625954, 0.86510791,
 -0.16659263,-0.38210097, 0.12130806,-0.76179575, 0.08191205,-0.41110508,
  0.28615103, 0.80514514, 0.73434667,-0.11135447, 0.91255988,-0.2729141 ,
 -0.35804342, 0.59772186, 0.77491124, 0.12260127, 0.01902057, 0.11397851,
 -0.47772928,-0.67014023, 0.35503047,-0.55805935,-0.99477542,-0.77159545,
 -0.30603852, 0.42482191, 0.93212961,-0.27018836, 0.00256928, 0.68513772,
  0.00751173,-0.053989  , 0.67449265, 0.54358082,-0.86484953,-0.09127069,
 -0.23404279, 0.80244592, 0.14298674,-0.81457275, 0.46313817,-0.36954164,
  1.00282311, 0.810159  , 0.59581166, 0.52396848,-0.39044639,-0.03570465,
  0.44704234,-0.64123537,-0.69559138, 0.3681393 ,-0.50030291, 0.13793233,
 -0.39854137,-0.97846137,-0.87299407, 0.87293324,-0.86584631, 0.50127864,
 -0.20603913, 0.08565969,-0.07472509, 0.1692889 ,-0.28686136, 0.32023584,
  0.75959844,-0.64487666,-0.81341996,-0.79134153,-0.60978097, 0.71304785,
 -0.63410232,-0.90184134,-0.36909117, 0.05603431,-0.23219004, 0.83147786,
 -0.89429773, 0.10348378,-0.36866793, 1.02956619,-0.20361378, 0.5266238 ,
 -0.42404916,-0.10046572,-0.06681363,-0.00937385, 0.21386594,-0.95156394,
 -0.87527932,-0.83594406, 0.40393001, 0.62944903, 0.51926875, 0.23180796,
  0.73748542,-0.70585633,-0.69313643, 0.20883578,-0.63943496,-0.78957891,
 -0.97791445,-0.78483702,-0.25938648, 0.81258754, 0.58967635, 0.12195876,
 -0.74818973, 0.50413854,-0.83925265,-0.00800358, 0.45500914,-0.01064041,
  0.11435581, 0.24611426, 0.70825737, 0.50975623,-0.17834409, 0.0883888 ,
  0.43076527,-0.21780851, 0.35469911, 0.74526741, 0.33171548, 0.4365403 ,
  0.75919027, 0.74955653, 0.67334738, 0.87998202]